100
66 271
-133 36
316 195
81 -418
-234 99
85 11
-339 128
375 465
318 -454
-170 375
305 -341
-496 219
469 440
-314 249
331 -274
-183 125
-68 334
312 104
366 435
244 160
-71 -409
-132 222
-142 358
197 459
-214 178
37 -288
-461 220
267 360
474 -277
-94 -394
292 476
-340 498
425 495
-401 -49
-86 -86
100 -326
-222 26
-83 -17
63 -226
-193 -121
-358 -111
-94 111
30 -367
3 467
190 -307
-397 146
475 330
-334 255
-42 439
-41 -30
467 53
206 85
-438 14
-286 -50
-226 -295
-499 412
33 -37
-103 -210
-494 476
468 -361
166 -238
-227 -85
-299 -387
465 -379
129 -476
345 -351
341 23
-52 293
-231 -4
469 -447
-268 -136
-321 258
-466 355
-469 273
173 489
420 354
292 -57
96 268
-15 -220
216 -417
205 -123
355 117
-311 186
-476 415
120 -477
-413 -474
-339 -491
42 23
67 293
218 485
-149 -153
402 397
-395 121
-5 -227
-147 358
-41 326
-246 -100
-449 144
-381 449
-299 476
