10000
77 123
185 -357
329 -395
278 -287
-91 199
-199 420
-61 -260
-151 -208
430 -421
-492 -253
458 477
-492 -251
-176 -254
-34 253
-243 260
449 431
-87 407
321 -100
-291 179
-25 211
-151 -215
-223 -96
-353 -444
305 435
362 378
375 -272
487 -429
-244 -137
-349 -36
249 -182
-341 -131
-311 -43
430 -402
371 397
-32 -178
314 448
411 -198
6 240
344 305
-353 -432
-47 -347
458 456
-455 -67
-4 -8
226 482
426 -395
-18 -239
-15 -376
-176 100
-2 -301
170 -183
-57 -189
43 -231
-446 -65
224 -153
-450 -445
-117 -50
-176 -295
-147 -185
72 -348
275 -33
372 -76
-76 -465
375 -294
346 -181
458 467
211 -446
130 393
39 -138
29 259
29 254
168 353
-151 -242
-244 -174
-339 327
-147 -111
-331 255
-450 -473
-446 -70
58 -421
-341 -148
426 -333
198 226
112 341
266 -28
308 263
6 279
-252 271
-87 463
185 -303
249 -148
-105 -301
29 -333
68 -227
295 216
124 -279
-418 329
156 -222
426 134
131 -224
332 494
112 334
140 -44
300 184
-61 -225
-176 -228
308 252
-61 -242
278 -229
375 -249
449 415
282 -318
217 447
-475 -476
-370 -281
-90 -352
295 254
72 -312
238 302
-79 -312
-396 293
-231 -436
-302 -86
-472 405
217 449
-86 -260
39 -109
65 -399
-436 393
278 -239
-85 97
151 207
284 -99
-202 -341
-199 492
390 -79
-256 -447
-287 437
-99 288
231 9
224 -116
160 -314
350 -240
-273 110
372 -36
-86 -254
-256 -451
-47 -396
21 130
408 10
168 394
-273 -264
-446 -387
112 311
-185 178
-475 -416
-376 -86
-223 -28
139 -404
56 264
-240 443
-264 113
-223 -25
332 470
383 228
353 -113
401 -395
160 -388
-224 -476
124 -246
-216 204
33 -407
-313 210
-472 420
274 329
214 -317
-270 -339
217 -161
12 104
192 -310
340 -404
363 -89
92 398
-5 -205
-170 400
-237 -193
-376 -99
-166 -437
221 175
249 -109
-385 -477
160 296
-417 -216
378 -154
-205 -99
283 374
77 192
266 -77
-327 -263
160 290
-116 370
-212 -103
-303 15
423 -499
-31 419
441 346
106 106
433 -305
-164 281
-445 353
-269 -130
-349 -311
274 349
-122 -164
-439 -409
-122 -162
189 208
-367 -63
-107 328
11 -241
-376 -77
177 367
-179 -175
29 -394
-4 79
47 217
-240 411
-240 413
106 112
130 301
375 -212
11 -3
74 306
189 210
-116 353
285 -252
-116 358
160 278
321 -176
-431 -169
341 495
112 355
177 372
-278 450
204 73
147 479
367 15
102 47
-385 -423
411 428
186 2
353 -157
217 -125
-249 -494
103 305
126 12
-243 227
250 -376
247 333
170 -165
305 474
383 278
83 380
204 83
-134 -495
-385 -433
114 -453
275 -332
-280 -229
-388 -280
102 53
-415 459
340 -432
332 418
-393 471
363 -31
190 170
363 -33
181 115
182 -439
-362 7
-4 27
-224 -447
-169 -248
39 -190
160 241
36 -207
29 280
-417 79
274 302
-107 300
-116 382
-322 241
-387 269
-158 123
26 434
6 215
-216 264
307 -206
127 -174
-224 -458
-190 -179
-309 455
343 -264
-141 -416
-232 -87
97 -397
-243 230
-478 -372
29 299
178 -446
-134 489
-154 -182
228 89
436 -224
74 398
-54 -358
230 128
479 296
241 68
-392 -410
404 -175
-46 139
-79 -295
339 -124
-36 71
-366 347
163 -166
-255 145
91 90
-71 -129
253 487
93 -97
-234 -276
433 -13
277 256
-169 -359
80 434
-24 87
417 193
-313 169
326 223
343 71
-288 -68
407 -127
-32 -34
433 -393
-169 -362
253 491
-313 161
-318 419
65 -420
186 318
-25 -100
-178 80
-485 -323
343 68
147 418
-164 322
-453 -277
423 -419
189 170
314 -213
-111 165
-439 114
383 298
-266 -347
166 -121
-401 151
-263 -367
-249 -431
195 -237
462 236
417 188
-183 -36
332 403
-399 155
36 -55
-485 -318
-402 -103
253 34
-241 -66
74 386
228 93
-213 68
121 -498
-409 249
-360 -378
33 -376
-255 9
-141 -332
-153 -39
-191 271
-271 -11
-71 -41
124 249
-169 -306
343 -336
-240 367
-485 -386
170 94
-240 363
-83 -422
-348 410
95 201
265 78
-69 324
-410 138
-141 -383
-167 169
-371 78
440 -328
-5 -243
-399 133
-410 131
-129 93
326 275
368 -202
218 -81
-148 7
467 412
243 -464
306 -53
-493 301
286 155
-448 292
-410 126
-414 -453
-363 -231
-69 -453
229 384
326 269
-327 -187
-428 -88
229 380
356 109
-384 379
121 -437
416 -464
-61 234
-191 295
-301 411
-388 -344
-116 416
397 -405
-137 -285
311 -273
-383 89
243 -474
195 476
-463 472
-445 436
453 231
494 424
-460 -225
-222 302
33 -346
3 302
311 -279
-343 175
318 69
121 -447
-384 362
458 -299
343 -309
494 -310
56 317
-352 125
-191 283
74 343
-191 280
288 -101
159 -163
286 179
311 -263
-117 82
-40 374
-43 312
335 227
-32 -58
-22 456
3 312
-5 -230
-213 354
-380 -150
-454 373
-2 -256
-128 130
394 -442
-225 139
-406 466
-171 -88
63 -88
-91 230
166 -181
-12 28
-469 121
4 -76
394 -449
53 -153
278 -326
-495 -163
124 283
115 123
314 -276
117 -325
6 188
-370 166
-491 64
-69 -484
165 433
59 122
-449 -172
-127 -497
318 49
277 94
407 -191
54 86
-2 -264
358 -422
131 -273
489 -16
417 119
243 -427
-119 200
-370 170
63 -98
262 421
172 181
289 98
314 -288
453 264
-414 -496
-459 -156
440 -374
-15 -305
-69 -496
-290 4
-78 432
-16 125
-225 99
-104 449
131 -260
416 -420
185 -414
-241 -250
286 129
-125 383
-348 430
80 487
-151 -149
187 -22
200 370
-137 -246
-396 370
-127 -473
-43 346
-79 -238
-249 53
417 103
-427 394
308 219
-459 -161
-466 88
-378 280
-478 75
-104 436
-288 -478
-271 -67
124 278
346 -101
-396 361
343 -3
-358 -33
-227 -301
66 88
339 -193
75 -84
-414 -473
450 261
153 -363
345 -14
75 -234
450 264
479 205
-358 -36
-331 -306
-2 -274
-433 478
-213 75
379 447
344 329
404 -137
30 144
385 -166
-252 306
-204 484
-228 154
-310 324
-112 -316
-79 -251
-225 66
344 333
-449 -119
268 -305
-346 -458
-424 -284
-237 34
121 427
165 471
217 370
259 103
-411 -450
91 47
-170 -424
-13 337
-263 -336
-256 -395
-249 44
38 216
92 400
-228 162
423 269
-115 -162
-288 -423
-241 -292
-266 -391
-43 397
211 -351
156 -155
-163 -486
-76 -413
208 403
-170 2
338 239
-375 449
-263 -327
-166 64
59 108
68 -290
-310 309
462 -447
-448 232
68 -295
-178 36
-396 322
17 377
30 157
-51 -302
-231 436
392 -101
95 297
-152 301
166 -155
-304 202
-248 492
-79 -263
-249 28
-358 -79
-234 339
242 145
168 -476
236 -55
-2 -416
-407 -57
-493 197
-412 74
221 -180
114 -301
458 354
-53 -86
-196 45
419 490
484 -478
53 336
121 43
-400 93
242 151
38 384
-228 199
-91 11
203 271
-316 153
6 356
-188 -475
92 206
-180 -36
-93 -300
-257 454
477 -62
-395 -146
-451 459
-256 -2
-53 -97
443 -255
444 292
-105 -457
253 -121
192 487
484 -464
-273 216
-107 272
108 75
55 -438
-89 -280
411 360
-331 114
-128 313
280 466
-257 465
333 -341
198 -170
-398 -235
-339 268
48 -30
133 52
-227 -278
226 360
271 415
221 -163
330 110
-446 -299
-39 401
-47 -460
226 366
-484 387
170 -35
14 -244
72 -225
-151 -318
450 414
156 -360
349 -101
-309 64
483 166
-358 21
29 374
226 372
207 -224
30 231
62 344
-87 317
203 283
139 -399
47 384
411 384
-312 -167
426 -214
-91 49
47 386
136 147
-151 -369
-79 -409
-234 373
63 -43
-387 195
-180 -469
472 -160
458 399
435 219
198 -154
168 286
318 -55
21 220
235 384
153 -279
-490 340
-237 193
97 -226
-260 -448
274 241
308 140
11 -144
29 307
329 -461
-298 -368
-331 124
-266 431
-298 -367
-417 -376
-273 259
204 -364
198 -163
319 -437
83 427
-446 -242
-176 -107
-237 185
-498 438
21 247
-312 -184
185 -451
-207 17
-146 168
204 -395
-107 262
-90 -225
-498 402
-76 -374
280 493
47 378
-339 217
-196 82
63 -75
7 -34
-15 -206
-204 295
308 129
242 142
-301 434
441 486
-467 -13
272 -403
-280 -94
-295 -278
29 -487
-260 -483
-445 215
-421 -289
343 -371
92 273
-442 480
-165 -11
-147 46
-247 -148
160 183
103 226
329 -436
-457 116
-18 -184
459 -54
83 465
72 -287
305 398
383 112
170 -243
-372 450
170 -91
23 -444
-75 499
189 351
-116 494
-196 -4
-445 222
160 -257
-327 -146
96 12
239 -233
-147 52
-349 -469
-120 210
329 -425
-25 147
330 -402
212 224
-118 -103
-118 -106
-415 373
-359 -316
11 -115
-159 40
149 -397
-314 -444
-431 -277
421 -66
111 -436
182 20
250 -434
-360 -304
157 -91
490 -25
-244 67
-25 154
365 -343
283 226
-164 394
-314 -447
160 148
-116 469
-75 468
11 -128
375 -334
397 416
-336 471
36 -134
-395 13
72 85
160 -230
169 79
294 8
236 -16
-487 167
180 -121
-476 -90
-222 247
180 -119
-46 218
133 288
149 -376
-105 -96
247 454
169 16
-339 -447
170 -282
-442 429
-336 409
458 -230
-83 -271
130 402
130 403
-337 -135
-442 430
397 438
-257 405
428 486
-436 445
285 -312
-25 141
-154 -269
-373 -265
96 53
350 -300
14 -270
112 291
212 268
265 -473
-301 498
-295 -257
180 -147
-453 -237
-409 213
253 -178
-62 -69
-62 -68
-407 -330
9 -390
-302 -126
212 270
-31 340
181 224
157 -37
494 60
-466 378
265 -487
212 256
236 -43
-83 -248
-234 -207
-243 352
-358 60
-360 -330
-302 -154
365 -296
-54 -471
238 162
217 -329
104 -457
-415 310
-173 342
195 343
-37 -475
-360 -246
-83 -337
408 166
-46 256
-112 -477
-79 -43
-22 -177
-46 252
379 33
-25 -250
-191 184
-295 -323
-140 409
-237 -232
-305 -226
-270 478
-100 -146
-359 -376
-281 68
-359 -374
82 -318
479 188
433 -272
367 68
-310 413
365 321
482 -118
-105 -62
172 214
365 324
240 -32
275 -447
-31 259
419 -323
416 -388
17 221
494 23
321 199
367 77
-411 -342
388 465
229 211
-459 -202
124 -426
-431 -317
491 -350
-448 152
21 -118
312 169
172 245
-154 -292
-396 403
172 243
-234 -131
-104 390
104 -443
214 -281
-391 102
321 191
-234 -133
21 -112
104 -445
351 -11
-83 -332
-140 427
-78 380
-420 -62
385 -275
166 -232
-100 -170
-360 -252
172 236
-22 378
-359 -394
341 412
-381 409
-465 -486
-235 -83
-51 -492
-195 -478
-240 488
-195 -477
343 -455
-173 388
156 434
-406 307
188 -172
-64 195
229 275
-100 -182
72 12
-212 -318
-266 -408
385 -207
380 344
374 214
414 247
327 -35
-198 -428
238 197
-268 76
166 -50
-198 -423
-406 318
311 -161
-25 -216
188 -181
59 61
-452 -73
-363 -359
-152 288
188 -180
292 -348
62 -303
84 -82
-42 -101
163 -251
-141 -273
-186 -137
-22 315
-384 251
-191 149
-212 -343
-339 -379
-339 -376
-140 451
166 -83
398 -13
-478 106
124 342
-376 -28
195 356
442 -94
-399 237
453 116
240 -68
-141 -247
-69 -309
-270 -430
467 310
-137 -391
-80 89
62 -329
470 26
221 157
-409 171
-55 3
-314 -496
-305 -239
-384 235
209 36
-140 460
-5 -354
-431 129
-212 -322
368 156
196 -45
319 -468
398 -79
457 20
-309 -1
-478 166
-253 -455
-424 -357
-381 497
353 174
58 -346
-254 -190
-78 321
304 -176
-86 -361
110 -53
-235 -44
125 -27
-235 -46
-204 320
221 -229
259 251
-167 249
-241 -102
151 142
-437 -64
-478 175
-151 -295
336 -455
-424 -360
408 81
271 494
-80 67
392 144
-361 124
-137 -334
188 -142
-331 -403
211 -265
14 406
-41 -496
453 145
-459 -279
163 -218
198 -121
44 485
-490 391
408 79
445 23
-102 -418
-213 254
-220 -63
-87 275
40 -467
327 -48
-311 -459
-298 -355
266 -129
-321 -420
353 193
292 -375
65 -359
-205 -308
485 -103
402 474
408 67
-293 14
-195 -449
-472 -445
438 156
344 274
-87 280
24 126
156 422
-111 210
-79 -347
412 -56
281 -24
381 -14
-43 478
-89 -335
335 302
-99 480
75 -353
344 282
-79 55
-288 -362
-241 -115
380 398
450 -223
240 -96
-16 283
-22 394
-346 -346
-173 305
-220 -15
196 -87
-482 -489
-193 -109
-78 370
453 181
-64 109
-491 -49
-331 -459
302 486
246 -110
-176 -179
382 -262
246 37
-146 100
365 372
125 -68
278 -416
-28 -212
-204 349
-337 -73
-331 -451
121 -390
-135 -26
209 97
-79 -369
-42 -186
210 -76
481 -17
95 153
485 -158
-213 291
429 -363
-449 -243
231 -240
327 -87
172 293
336 -445
-439 -298
-182 251
314 -132
450 346
-104 362
-205 -352
251 172
-89 -364
-461 117
421 44
60 -8
-273 -412
-437 -87
327 -94
251 156
30 273
-321 -477
-23 -32
-13 434
231 -224
-481 432
-310 434
-241 -154
-141 -9
409 -375
-267 -1
23 399
89 -5
-322 413
-132 -16
376 436
-321 -295
414 -278
-308 88
253 -474
-176 327
168 126
61 2
153 -198
135 414
226 268
-122 350
226 267
242 274
-55 33
458 230
53 32
-244 -380
357 -77
232 423
-322 424
-436 116
349 -209
-173 -191
-76 -75
330 -378
378 -313
-290 -255
281 143
-404 -340
473 416
253 -482
168 132
298 -109
-357 34
-122 361
-427 100
-15 -144
-333 42
-55 41
-206 78
-18 -470
272 102
-321 40
-215 -240
-150 -89
-206 82
-350 -378
6 481
156 54
-340 481
6 484
310 -89
426 345
-116 186
23 -374
16 67
-345 305
349 -231
235 282
-478 -101
-209 427
-336 -467
-59 -416
168 -386
-25 436
-194 399
153 478
217 238
90 -6
329 300
-67 -33
129 296
-321 -278
-275 385
339 -20
-93 -436
362 117
211 -203
190 314
-227 -145
53 207
53 204
-373 -45
139 -278
144 468
-122 344
-341 -393
168 -399
242 227
53 68
-196 -129
-470 170
24 -55
367 422
-269 -398
-16 439
289 238
127 -349
-16 436
-76 -238
417 324
-66 364
129 223
-18 -499
266 -149
-484 485
492 294
240 -305
492 296
-290 -292
-470 162
-202 -121
-141 -93
16 49
-218 18
-499 108
329 366
-58 -32
33 -18
65 57
317 -255
86 374
-194 374
289 220
-466 402
-382 -41
-116 -3
-404 -302
129 232
-357 154
-76 -89
438 -29
417 308
-454 199
-153 22
-90 -110
-461 197
-227 -115
253 -454
395 -117
130 100
-204 183
23 -331
347 398
-61 -478
136 -362
129 242
-345 341
-459 404
-411 37
-411 39
-373 -87
144 38
-433 -429
147 286
303 -88
371 187
56 -145
-58 -47
-413 210
443 -395
329 348
391 -404
253 -461
-458 -437
-466 425
473 434
371 179
-57 -371
458 -143
208 260
-128 85
136 -348
136 -342
-243 419
-83 -183
-322 491
-22 -108
124 -483
260 275
401 -157
215 -77
98 229
-243 420
41 396
260 -423
23 -313
-180 -146
35 212
32 352
12 345
-48 384
35 216
-98 -339
-339 -365
-339 -363
106 332
193 65
-224 -236
-382 50
6 -145
-269 -341
156 -424
-353 -292
331 -148
494 -170
189 479
-394 24
-76 -284
118 227
441 141
483 90
-201 364
455 448
-430 480
-98 -365
448 -278
494 -186
175 145
-337 141
-179 159
-466 -275
51 -82
35 231
84 -493
189 445
12 325
-401 430
-94 230
-222 -226
6 415
429 136
-493 440
-94 219
197 -409
-237 286
-442 330
317 -232
-270 -109
-269 -360
-118 -229
6 417
494 -191
-222 174
-283 -294
36 -499
168 58
-123 -14
-243 44
-405 -137
-316 223
219 -423
-69 170
-12 -214
362 176
1 -204
-133 7
16 -452
6 -110
195 -372
195 -374
-421 464
254 111
421 -264
195 -377
-186 -301
168 57
421 -269
363 -122
376 486
-158 348
153 457
494 -130
-158 346
356 -184
215 -46
-237 218
-391 204
391 -475
149 -481
-243 453
297 487
6 -101
16 -461
483 223
124 -438
-433 -496
-409 0
363 -135
-339 -319
-370 51
433 -108
106 384
-293 392
-128 25
-128 27
-372 387
318 1
426 304
344 78
-10 -262
149 -473
-357 84
12 366
98 244
-75 380
-451 389
449 259
-293 398
6 453
357 -12
-280 -486
147 204
-11 176
476 216
32 307
476 214
-243 475
426 314
401 -186
205 356
278 -18
-284 400
-237 243
-370 -445
197 -457
378 -374
401 -183
-185 335
-401 485
-244 -316
-222 130
168 66
255 -494
153 440
168 68
426 -189
287 -52
-278 -439
45 -475
-57 -411
-424 356
45 -478
50 488
-83 -215
-237 -338
397 249
433 -160
-314 -384
-94 299
-96 21
205 445
-157 -236
-157 -237
136 -95
-293 331
136 -96
448 -320
458 84
-169 -119
-237 -350
-459 -306
-51 -166
-17 -58
-391 240
292 232
446 75
-94 280
423 466
-148 441
50 -353
233 -66
-339 -294
-153 -475
95 426
405 411
400 119
-100 -279
-460 -422
482 -205
-125 -186
-212 -412
-497 -50
101 112
-251 -295
26 239
-49 -67
-96 -280
-237 -375
-153 -467
9 -404
385 -393
388 352
-460 -430
-313 385
-78 255
-366 112
448 -308
-148 463
-217 -397
-343 -448
381 42
-102 259
258 -342
280 -126
323 -319
-256 -62
-166 -247
91 -427
377 -58
156 310
106 401
-132 -105
229 158
-363 -463
-424 307
107 -2
-488 -31
-153 -403
458 40
429 112
-430 430
-102 267
49 -219
-334 -376
-161 -325
292 275
-410 367
170 -315
407 -320
-334 -368
-37 -383
-56 7
-211 -44
-410 360
-334 228
-275 406
446 35
-284 349
-496 369
302 -145
-334 207
302 308
-402 -56
-51 -156
400 158
-430 447
462 -295
-485 -122
3 -313
-440 -486
-263 -173
-424 331
23 419
6 54
482 -241
-278 245
-399 357
49 415
446 61
-424 327
-132 -131
-96 83
302 307
487 -159
482 -247
195 -433
9 257
287 -42
201 -305
-153 -426
-261 434
-424 345
41 322
272 -230
385 -354
393 24
-299 118
487 -168
86 327
-125 -118
-125 163
410 54
-105 -179
-348 210
-355 -23
-210 388
392 -309
367 469
-69 -242
426 288
-460 -483
251 232
464 463
409 54
-211 -11
-217 -320
380 247
45 -409
473 384
-63 451
-244 -77
-261 499
409 -424
-91 464
141 -257
23 429
467 218
-381 382
393 88
-16 369
-270 196
422 42
-180 138
72 138
-270 191
-488 -85
473 376
-63 442
-401 -405
242 320
-194 303
409 40
-433 211
-186 -292
-159 -81
141 -226
453 -174
409 -438
-205 -430
418 -11
474 -39
-472 -339
115 387
335 416
-152 112
-140 371
153 -137
44 157
253 -419
-171 -139
-343 -435
223 462
-354 -119
-140 387
-194 310
-251 -217
45 -421
-28 345
453 -185
168 -428
303 -49
-43 123
366 2
-485 -161
95 498
-311 7
253 -422
286 381
464 455
-86 -454
-186 -70
-86 -451
447 -74
-228 385
321 226
145 -42
-292 52
-244 -95
-275 425
30 -370
-251 -242
260 -9
23 475
43 -388
-341 -49
141 -285
-321 25
-87 170
173 -17
-205 -499
-198 -139
-413 186
143 -330
251 271
499 3
-37 256
-141 -26
-459 -342
7 -89
407 -397
388 362
-412 -172
409 98
-70 108
321 217
-228 399
-375 225
60 -66
246 2
72 109
-251 -233
23 467
33 -99
-17 -18
360 -55
462 -223
-43 138
-114 -47
-90 -179
406 -89
330 148
-412 -189
159 116
-57 374
-2 -475
-215 -202
138 290
217 165
442 -471
-496 309
330 162
-469 -130
120 12
-91 499
-125 100
251 288
-64 -381
233 -427
121 217
311 -431
-321 -345
-328 186
193 269
-461 233
251 297
324 -266
-341 -324
-283 -300
-354 -173
-160 -427
-63 479
-360 452
-292 86
-292 89
-173 411
437 432
246 -486
89 174
246 -487
-436 30
201 -380
-100 -251
-496 300
-114 -65
348 -84
395 -24
-25 325
362 47
-146 -421
-296 306
219 -343
484 -20
-238 -95
-296 308
233 -287
-146 -425
259 28
-171 183
-43 172
-325 183
-395 -399
1 -128
-339 496
442 -416
112 428
-5 372
458 113
-413 139
458 117
-105 -206
330 330
363 -285
-424 65
464 79
129 388
102 -200
38 143
-44 -382
252 -41
-427 213
-80 1
219 -333
337 76
-253 -58
284 -1
-229 -68
-253 -55
-382 -430
97 -495
129 393
304 -465
-256 -353
-372 290
-159 -378
226 156
-131 266
430 -38
-427 220
467 180
-424 72
-386 -131
252 -74
395 -45
464 56
430 -31
-191 410
-440 -75
-244 -471
-211 -498
278 -145
-179 -464
-404 115
-437 -201
349 -355
-492 -152
362 228
-424 89
426 223
-160 -341
-433 -340
-122 453
141 -196
77 453
430 -20
168 -267
-290 -152
371 264
252 -69
-179 -450
253 -380
67 402
-394 123
130 274
452 94
-322 318
219 -359
-317 -28
-417 -194
-386 -115
107 -167
430 -18
235 154
345 -404
-185 253
449 323
-386 -112
56 -259
247 85
337 47
-32 -475
237 -155
386 56
476 163
-11 221
-28 176
-276 -216
-224 -398
235 98
-81 433
-100 -39
347 253
107 -156
362 83
-18 -376
242 350
244 -111
274 484
-357 289
-151 -131
-252 392
337 34
-194 257
325 52
401 -244
-211 -449
-473 43
233 -238
-421 -476
-425 -99
190 213
139 -170
-388 74
129 359
198 333
112 456
347 247
-57 410
-448 67
-18 -389
484 -48
-122 443
-262 61
1 264
395 -89
67 455
-147 -497
-73 -424
375 -120
-227 323
130 218
374 93
330 317
-339 475
-345 468
242 372
324 -309
-433 405
-176 421
1 277
220 493
-494 -53
-139 374
-249 211
-381 282
-105 -200
190 228
148 -30
-353 -102
-3 -4
-307 345
-231 -325
398 35
148 -24
226 174
-160 -379
-494 -56
-252 379
289 123
-158 432
272 86
-118 -322
-32 -436
-62 83
-493 353
461 498
153 307
-121 -445
415 68
-19 330
439 38
-497 48
-121 -450
-76 -155
-116 242
-180 -269
285 -120
401 -271
-180 -261
-283 -165
258 -267
182 -347
98 107
424 -77
-473 82
-405 -203
261 -21
338 -470
-497 33
-102 184
432 205
-353 -176
214 -422
199 -30
-470 245
313 40
443 -413
443 -414
12 218
-283 -157
-144 -111
-244 -412
102 -279
385 -417
240 -217
-485 37
-19 314
-52 154
274 471
-35 -56
-350 -416
312 317
-372 226
-166 -346
-264 253
-353 -163
401 -251
-80 -454
386 -38
-180 -283
147 -182
103 449
-144 -102
345 -498
259 89
-107 462
-25 391
421 -126
312 326
-238 -22
-86 27
-339 -227
304 -408
258 -291
-419 -420
232 368
-98 -473
-98 -472
-179 268
-498 -305
150 4
-86 20
260 386
11 -369
356 242
-269 -243
-323 -16
331 -288
-212 -487
-494 -18
273 -292
-293 495
-302 -352
-62 45
-292 -457
-219 -88
-292 -453
-322 337
-322 339
415 22
-350 -472
-247 -95
-307 -270
305 108
-372 240
-322 329
-478 -242
219 -305
-347 -227
-237 350
-154 -495
265 -266
-459 387
-244 -460
-418 296
-357 204
333 127
240 -261
106 258
415 33
-470 204
-50 71
-433 -375
-191 422
-270 -244
-168 -95
441 266
-113 408
421 -164
-385 8
277 286
415 47
-269 -204
150 -393
-71 -182
-116 268
-425 -40
-332 -65
-451 263
403 93
-451 -197
139 -117
-201 271
-52 104
-201 270
312 361
127 -294
-363 417
59 -74
333 109
175 219
278 -191
409 -58
-353 -192
-224 -340
-253 -73
-433 -392
12 237
-366 279
-408 8
181 456
283 414
-249 -326
81 108
246 -317
-25 -481
352 -469
175 -383
89 260
-50 25
-496 297
-340 13
62 -111
102 88
-411 -121
-366 222
-283 -202
-388 -495
-269 469
302 204
-401 258
-303 69
495 188
-487 356
322 -71
-433 389
-433 386
-388 -476
-440 -353
-411 -125
-190 76
-478 330
-409 391
260 314
356 -267
165 149
75 -177
495 193
90 138
90 137
49 -366
114 53
494 -222
272 -145
-98 -400
172 497
98 163
151 38
494 -228
-119 156
-237 -485
-26 -96
356 -274
-224 -400
439 -1
-498 -287
-237 -479
201 -450
311 -359
-186 -320
72 203
-62 -6
313 -11
49 -372
-293 476
-375 125
114 40
-444 -161
-25 -473
-295 -103
-78 144
240 -287
400 226
-375 -428
246 -327
423 320
-284 443
181 374
-139 -417
-375 138
-487 329
-141 -454
-189 76
400 293
414 478
446 423
464 390
-132 -223
214 -472
352 -428
200 270
95 321
-121 -493
-401 292
-116 320
-440 -391
-26 -68
356 210
-460 -320
322 -39
109 167
-19 300
-465 -252
263 153
-288 -179
-424 444
-161 -445
214 -463
-75 326
-25 14
-270 270
-485 -263
-310 4
-313 484
172 414
221 -415
-261 322
-134 102
-465 -266
-119 191
268 361
-246 372
-37 27
68 -86
175 -329
352 -445
-439 -451
-190 87
352 -448
352 -449
-237 -442
-478 341
239 -380
450 196
412 6
486 263
-410 275
27 -14
277 314
408 359
-5 -107
201 -427
50 -264
68 -98
-284 482
251 313
55 -182
-456 455
286 298
232 294
-232 184
-464 158
-132 -241
-327 71
-460 -352
75 -154
432 266
-61 118
-125 -238
115 248
456 -95
-251 -323
124 168
-405 28
-141 58
286 224
115 241
388 291
-410 214
474 3
321 379
55 -166
-284 494
-427 295
163 88
233 -313
-180 8
492 373
1 -196
88 -197
-458 -301
-149 -26
370 -126
-334 141
321 361
163 -456
492 367
-288 -144
-228 481
-334 145
-125 -231
456 -75
-261 370
-189 10
63 -229
187 31
-388 -422
-217 -415
-189 -4
-376 72
295 176
-296 244
58 457
-16 -181
450 -477
450 -478
374 -4
193 105
-224 436
30 -247
-224 435
-348 307
-198 -282
50 305
154 -73
30 -242
154 -71
97 -403
86 461
138 364
1 -183
-228 -125
-427 277
233 -335
-464 191
-177 -55
372 -451
-100 -326
430 -493
188 -364
-173 -322
154 -68
163 -478
295 157
338 328
-461 325
88 -181
30 -254
-436 181
419 -146
115 201
88 -145
139 -15
175 29
50 -214
-140 277
-208 -151
-364 30
246 -358
-28 210
201 -473
139 -11
370 -159
470 410
193 126
321 334
50 -219
-189 47
-204 125
-354 -273
495 140
259 450
-444 -101
50 -203
370 -162
-177 46
467 137
-119 122
-424 -167
367 3
-375 113
-364 -49
121 -155
458 202
-215 -106
217 287
-198 -239
188 -315
-134 182
-469 464
-321 -231
392 -457
221 -483
365 119
417 268
-176 387
266 -322
-251 -390
371 228
-125 -248
-346 -116
-43 285
286 214
-43 283
-50 -13
-336 3
-67 -74
-5 282
91 -394
414 -208
-18 -445
163 55
-89 -130
-90 34
-308 -49
288 238
224 47
-145 456
326 78
-48 -170
2 -69
14 115
-122 118
-21 -50
489 17
434 326
351 36
363 183
209 238
-365 -44
-480 -384
465 56
-49 340
326 67
-27 -245
-27 -241
-275 163
-491 230
134 19
285 -1
-52 -214
285 -5
-68 -84
363 170
-131 -128
-471 -61
443 374
224 400
302 80
-459 211
249 350
-90 375
153 248
453 -61
-479 -146
-458 -235
-275 154
184 398
-235 -110
-131 138
419 155
345 104
-68 -51
425 300
-77 -94
261 -6
185 -22
227 280
250 298
-266 136
-90 365
133 -88
377 461
-50 270
14 149
428 187
307 499
359 429
-48 -166
330 487
354 131
105 322
-219 489
-451 112
-53 85
338 18
-68 -26
85 -485
0 58
-355 321
302 60
377 432
437 187
-91 -57
-399 95
85 -486
-41 63
224 81
444 -35
428 55
-52 -264
444 -40
155 -448
233 411
-81 -372
114 352
-429 368
-131 184
279 243
437 172
202 -415
220 -404
453 -94
324 -430
363 129
-439 -56
326 25
428 67
-16 -198
425 333
233 423
-53 63
-471 -17
-403 233
-50 220
368 492
-233 431
312 -112
169 -385
-290 342
-41 86
28 5
-491 246
-266 101
-127 426
98 405
-275 197
151 -309
421 -445
-50 235
312 402
-346 370
279 266
-257 154
428 -418
277 -57
341 -237
-65 25
-65 23
80 -118
-65 22
462 6
20 338
453 22
-383 -66
277 -64
-127 442
-41 -154
218 236
294 442
259 -23
312 459
171 29
-340 -342
133 -32
80 -123
207 -75
370 -33
207 -76
169 -364
183 19
413 463
162 230
273 50
-189 -46
-364 334
-122 198
295 -457
-178 -300
-12 -98
273 -381
50 193
-340 -339
341 -256
185 -86
-128 -309
-316 431
-203 -22
-229 -434
-223 192
444 -66
-302 113
-121 -340
241 288
84 145
46 439
-326 -403
-189 -33
-403 259
341 -264
273 -354
-374 -12
-41 42
312 432
172 -263
28 478
172 -262
428 34
146 81
-290 304
300 -35
-16 87
-160 -83
-86 -96
290 -108
-60 -480
-257 -234
-257 -232
-19 446
-439 -30
-81 -379
333 265
175 375
-76 397
-272 364
-192 -286
-403 280
-158 85
416 69
-340 -313
-171 213
-73 -188
-369 -417
20 379
110 88
-245 262
-260 -117
122 64
-245 268
13 -319
-189 -14
-429 313
-423 -385
196 221
147 -246
-316 463
259 -83
162 269
-67 -426
-101 298
129 -230
-423 -386
-171 70
399 99
16 -204
132 366
19 411
-174 -202
105 390
134 48
-149 -250
-340 -394
-67 -418
-289 -202
-109 373
-192 -228
129 -221
142 -40
-192 -222
-223 152
134 54
126 243
360 306
80 -177
434 351
-67 300
21 -11
252 -431
-430 270
207 -26
81 311
-316 482
-267 -117
-229 -481
-459 250
55 482
247 -109
-30 -127
368 413
158 34
140 -290
-245 294
-48 -198
41 177
-192 133
-480 -14
297 216
428 157
-204 -351
55 486
98 488
105 376
-410 -59
323 -173
-458 -284
-223 178
202 -478
74 -459
-27 -229
14 183
-374 -44
-340 -353
-192 -241
496 -465
115 -79
185 -62
-32 275
49 248
-480 -24
403 -367
49 243
-322 -331
276 368
-451 157
-299 -103
461 416
-203 -95
-223 123
-110 31
58 39
-271 -225
95 -250
209 -497
-314 -139
-299 -109
123 402
352 -347
-440 -222
126 299
117 133
318 115
286 -13
453 -358
-497 -208
263 -445
37 -159
141 370
-225 -242
30 -183
-373 411
297 -183
130 -378
-275 -264
352 -330
-14 125
-487 475
373 -245
-273 -75
-302 91
381 207
117 145
141 378
-490 -253
21 -494
306 -363
-37 467
91 -212
49 224
187 -481
-225 -250
-343 -262
-37 469
34 60
-398 347
348 -190
367 -408
-246 -125
72 323
183 -324
-382 316
290 -193
455 284
359 -337
302 101
-16 -224
381 -478
91 -242
216 -56
361 -56
-263 292
-494 104
-188 447
-372 -264
-358 128
72 310
-223 131
306 -389
-93 273
16 -165
403 -447
58 77
-351 71
-9 226
395 421
172 -168
172 -169
-79 299
297 -144
362 -197
-195 -112
-440 -264
66 -103
19 379
-385 185
21 -80
30 -149
276 415
-84 -150
-442 163
-212 -94
-383 -402
37 -119
-76 477
49 -473
320 -266
-41 192
-299 -139
158 -295
-93 215
259 -480
-379 -234
297 -137
45 -288
41 106
297 -139
123 459
-416 65
19 389
452 426
-101 228
183 -397
-314 -110
338 -437
-328 350
485 -432
456 -202
234 -85
-423 -304
-86 -42
469 494
276 423
9 467
-217 -135
-423 -307
-282 -42
-245 208
-254 -488
236 250
-299 -127
-195 -139
338 -460
-210 -130
83 57
-150 -493
342 379
263 -468
-111 -28
-37 435
474 -327
247 -180
-436 -163
252 -488
324 204
435 -60
-178 -327
445 -211
-245 217
464 249
-390 238
162 219
-254 -497
395 472
297 91
24 -319
424 -398
-214 159
66 -136
327 -254
-430 214
19 366
141 358
-140 107
-117 -293
-210 -137
-145 -197
-246 -100
-104 -460
-338 74
-322 -298
-14 195
64 493
-140 114
395 482
170 102
-375 80
-447 -273
452 459
193 452
85 -444
-412 185
-434 -439
-96 -447
-197 301
446 191
-243 -370
-20 455
-214 174
-233 484
67 227
363 205
187 175
345 182
-311 -107
-401 -42
-16 -279
-457 -86
-484 -443
485 -475
126 -396
161 -202
105 -482
-251 -465
359 376
-434 41
30 -24
-243 -394
-399 -53
-20 436
-125 -329
258 362
-434 -455
-212 -21
58 347
85 -453
187 192
321 470
-308 -323
-131 -192
-205 213
-412 173
-88 193
477 -133
-300 -48
-356 -47
-286 -331
-20 423
-110 377
-255 -15
250 221
446 148
495 254
1 323
-472 -153
150 496
-50 285
-93 285
489 147
-311 127
-471 11
-127 377
321 454
-479 -119
-387 31
-109 81
-110 370
-300 -56
-372 -288
-79 225
-85 339
47 -56
-107 -496
-110 360
-50 294
338 84
-122 48
-265 -408
-7 -71
425 291
-243 -79
-127 383
-109 94
-205 270
-300 -67
384 -200
482 -439
486 334
-376 242
422 453
-286 -370
-79 239
473 174
-20 486
370 -296
-49 419
359 331
-153 -277
437 208
-461 476
-349 284
321 436
158 -245
-131 213
-131 211
-471 -99
105 -444
-446 74
215 327
209 214
-411 8
58 301
-14 101
-490 -275
-197 370
-110 -233
372 131
91 -279
495 291
218 190
34 85
-471 -88
-457 -29
-157 -400
-117 -210
175 448
140 -117
-412 -406
288 111
273 -412
-482 301
-237 -58
65 -88
-122 239
-487 -477
-471 49
209 340
-265 -398
102 -445
7 149
396 -71
-64 -430
-81 -436
140 -125
-49 463
316 -22
-355 499
399 -343
-485 193
396 -64
114 284
307 392
39 72
-219 389
-211 221
-246 -73
422 -3
-246 -77
201 211
-257 -186
161 -287
-235 -229
-479 -263
264 470
-127 14
-487 -456
144 353
-237 -76
434 468
-261 -24
-113 215
-113 217
-261 -17
118 -249
147 -353
-467 142
334 -90
-152 21
-88 102
315 350
298 9
-485 175
413 -319
102 -416
298 0
-483 12
-219 369
-346 483
-162 338
264 486
-27 -177
-300 -212
-228 -50
-73 -210
7 185
-70 -398
32 274
165 67
312 -228
-12 -183
437 294
-142 -326
177 39
-476 188
-369 -323
51 -109
-299 -78
-202 241
-172 -91
439 -390
-231 -101
-113 229
-50 341
-493 -166
-265 -340
147 -305
241 361
-17 144
244 -329
169 -262
489 202
-59 -322
190 463
-491 121
-499 203
261 -130
-140 74
-484 -399
-88 163
-399 -96
-81 -474
-42 -17
-429 464
111 409
-206 -161
165 75
-325 399
-220 262
-289 -145
114 270
-300 -208
-82 468
-299 -96
-495 -472
224 341
-42 -26
27 38
76 83
-257 -124
308 -99
-398 400
-287 101
-246 -13
-398 404
-139 97
218 307
-20 -328
-154 -40
89 -468
-400 -137
-245 390
-269 -473
20 465
-188 290
-178 -427
-373 255
-222 -325
-385 -119
490 185
-139 -248
-332 -258
-246 -27
456 -364
487 -68
320 -468
-142 -372
-470 487
-330 -390
-493 -140
64 390
-393 152
-257 -126
-53 195
279 177
-93 301
320 -477
-393 -323
-337 260
-136 391
388 -280
273 -478
308 -70
-8 -391
338 -267
-332 -248
-106 407
375 120
89 -448
-470 475
-429 428
273 425
449 175
-438 -495
-127 80
234 -19
448 -146
87 -245
-6 -136
-385 -132
132 496
-335 -115
-208 -427
-162 326
-171 330
308 -65
-495 77
261 -181
-154 -77
-259 463
-6 -127
34 -103
-67 489
-62 199
35 128
162 145
242 -461
293 -116
-424 152
-329 -340
-60 -338
-109 248
-403 177
421 -383
448 -135
-287 143
327 249
-42 -73
175 -182
-408 440
49 395
-20 -373
233 372
316 -60
-347 -482
387 -79
-424 160
360 430
147 103
469 416
-338 14
479 -42
177 -495
-131 -209
49 384
-131 -206
347 403
-338 13
320 -431
-497 -98
398 234
-192 -356
-192 -357
490 178
413 -360
-246 -36
456 -395
122 -165
403 -232
407 383
-6 -186
388 -242
242 -437
-217 -183
111 488
-314 38
65 -62
-300 -281
89 -485
-470 437
136 -75
-423 -295
-128 -406
202 -356
-467 186
230 10
-458 -164
-73 446
487 -93
132 -134
-222 -394
98 357
-85 248
-408 355
64 304
-433 158
-107 -344
-14 238
-390 330
-53 214
397 -105
464 192
327 169
348 -298
-84 38
462 -154
-30 -268
498 -115
-328 287
-447 346
104 25
-379 -315
-335 -178
-245 312
116 18
99 -43
-293 214
448 -216
-254 230
-423 -214
-200 85
453 -239
53 -447
-28 403
1 412
-400 315
342 221
-84 27
-23 149
-424 243
-179 404
1 418
-447 329
-30 -256
67 183
-379 -307
-318 -290
-62 137
-37 341
279 -108
403 -347
49 341
448 -207
-275 -395
-254 220
90 375
137 -469
168 -94
-14 256
50 -474
373 -394
486 470
-379 -300
390 120
3 -234
-96 -396
416 262
-320 102
-400 300
338 -303
453 -212
407 346
403 -316
445 -134
223 -173
-24 -428
-263 173
370 -94
-225 -349
64 334
26 115
129 -289
-59 62
366 176
-93 392
416 251
-390 302
-53 212
-224 67
-423 -249
-293 225
112 -17
266 -7
-267 -171
-358 253
287 -200
-174 123
-178 -475
320 -378
332 34
-174 196
-402 -478
4 258
143 -298
282 410
183 -265
-188 377
-121 -243
413 424
-171 300
-212 17
338 -328
-447 387
267 331
-44 221
-373 333
-408 389
112 -84
-390 363
266 31
-263 127
394 -116
452 308
-433 187
50 157
470 270
-334 -492
143 -284
236 124
-456 236
-292 -291
143 -281
-328 230
411 -463
128 26
-62 175
37 -249
99 -78
344 -172
-436 -252
267 325
-24 -437
112 -76
-398 423
-239 218
-224 29
130 -249
398 196
41 214
55 407
-76 337
-62 160
-217 -223
276 -175
254 46
490 94
-76 352
-476 -232
-465 -10
3 -200
303 -460
242 61
58 269
-212 54
-47 44
-302 333
-373 347
230 96
490 93
-115 -423
-358 298
201 272
116 99
495 334
223 -117
307 309
-260 341
372 258
-127 448
303 -458
-496 453
153 47
150 323
51 -133
165 29
118 -175
-44 260
395 359
267 379
-265 -316
-412 -498
201 282
-180 252
-447 -385
98 -389
422 383
315 416
151 -328
-239 204
23 304
-422 -75
-273 48
-284 260
489 84
266 72
324 356
-320 192
153 39
193 317
-94 -63
-125 -472
312 -261
-453 446
244 273
-325 489
336 108
-171 -244
399 -414
184 424
-367 206
372 281
346 -452
11 193
-422 -60
-358 -226
226 -191
396 -10
-275 317
287 -277
141 74
-104 -311
-278 -387
343 3
-422 -56
-151 436
114 227
-148 181
-453 460
-434 -324
253 192
99 -96
-349 356
-254 288
-85 205
-225 453
126 -294
-236 76
-376 141
143 -217
72 464
397 -147
359 -471
108 -162
-28 451
-281 477
446 265
-58 481
-275 378
453 93
118 -135
-211 276
-120 -48
226 -168
161 -358
-38 -205
-243 -436
16 429
236 -157
-260 371
150 363
151 -364
359 205
346 -400
-58 492
-131 107
10 -498
-157 -308
318 285
278 90
489 280
151 -10
-382 263
250 347
325 -38
141 36
191 -322
-487 -378
-479 -216
144 275
284 -251
-165 -451
-291 -42
144 279
278 88
244 240
-382 245
250 375
-14 222
362 -262
-79 122
-476 128
-236 84
268 -39
490 19
1 437
372 246
435 -194
187 270
399 -446
150 384
15 -6
366 133
-163 -130
-163 -133
396 -40
-52 -191
-125 -498
278 77
164 -207
-177 121
-35 297
-117 -439
-303 -61
-467 235
204 -24
-487 -122
-11 -3
-27 -498
161 -382
-73 358
466 470
-94 -284
52 416
443 126
-370 327
301 -271
-214 -420
339 177
-337 -290
-177 133
-459 38
204 -34
-64 313
-369 436
153 2
103 -165
-2 34
-455 -184
78 151
-83 -12
233 229
392 419
-163 -317
466 467
7 278
-117 -430
-117 -418
333 -228
128 489
5 -372
169 -186
164 -223
244 -403
80 -308
-369 -255
-300 -358
-377 -444
-73 379
-26 221
199 260
-186 180
-444 398
-163 -328
5 -378
14 377
-177 156
377 229
-286 -186
-436 0
-341 278
78 139
489 372
-308 -161
-41 411
-2 52
-473 415
377 221
-35 -222
-64 340
250 -144
213 -32
-3 412
191 109
420 260
481 213
-23 -2
-487 -103
177 -399
309 6
233 203
-131 -348
250 -146
7 298
-460 31
315 477
193 -319
-429 131
-74 -19
39 -376
215 -355
-318 -400
-341 267
-183 314
-81 -124
399 -278
147 -408
193 -351
28 211
52 453
-300 -343
348 -417
-445 -39
354 -152
399 -271
-403 446
-260 -327
420 237
-341 253
288 424
128 434
-311 -423
-182 -194
-455 -143
176 67
167 375
-316 -346
17 2
-110 -410
-294 -359
52 468
354 -160
-202 126
-110 -417
-116 -73
-92 37
-449 -404
-206 -251
-382 199
140 -457
430 -205
-341 249
-398 -315
-316 -336
-248 300
-248 301
-204 -194
-332 282
-107 144
-204 -199
-445 -54
-429 101
-332 285
274 140
-43 -465
-361 304
147 -436
140 -464
140 -462
-300 -326
169 -152
199 224
199 226
-311 -404
301 -283
-442 -443
-92 52
-41 -397
-485 256
265 198
278 -471
249 -363
34 -429
-116 -56
-124 379
-182 -168
28 253
-5 -434
-236 469
-159 118
-219 -333
-67 120
202 -209
137 -191
-162 413
-136 257
21 28
-313 45
-259 -142
121 -24
-463 -307
137 -184
191 172
-193 -36
-60 -247
-136 -285
26 -294
-75 -435
-23 423
-252 -181
-236 470
-294 -314
451 -180
-302 355
-32 497
182 105
-380 -51
178 389
-267 -352
283 132
75 364
400 -302
-330 -274
-197 -338
-201 -323
-5 -415
400 -14
-473 488
360 145
374 448
383 447
-305 -275
-496 48
207 -175
475 459
-171 449
-485 223
84 375
327 305
-176 -431
400 -331
-431 -399
283 122
222 -47
295 -235
-260 -349
-67 -212
155 480
-60 -229
-301 60
169 -110
132 136
-417 347
263 -259
-417 -475
295 -242
360 127
-176 -441
327 317
-202 149
475 461
283 110
445 -420
112 112
-302 373
233 286
-301 99
-330 -210
-330 -214
-214 -456
393 3
87 -380
-410 -426
-134 -233
177 -368
-428 -188
130 -180
-323 267
14 393
283 188
-286 467
147 -483
147 -496
202 -255
400 -66
-8 -268
-219 -361
-236 435
333 485
249 -303
428 369
82 -356
-330 -229
491 -331
-332 -338
25 413
-417 371
-3 -344
-302 391
-5 -411
-393 247
416 9
206 156
202 -223
405 -208
280 302
206 33
24 -145
182 144
132 104
420 289
354 347
177 -340
383 496
461 120
177 -343
-267 -362
146 405
196 435
-267 -364
386 -180
-81 -194
-33 -180
405 -202
-131 -318
-350 -2
-52 465
338 -172
-8 -241
-380 -301
109 -86
-453 -127
-378 400
72 -148
335 -331
469 318
-139 -182
-428 -195
292 -79
256 174
-171 497
469 315
250 -105
210 -394
-46 342
-494 278
121 -73
263 -297
434 135
132 206
231 -392
-85 127
-396 -204
76 -61
-468 -220
-468 -221
407 483
357 108
431 351
345 26
-483 -92
-311 319
292 -431
-296 -41
159 -65
365 457
262 282
477 -321
-330 -38
-85 135
5 -37
-142 360
-201 -276
-246 -394
-468 -214
-136 -322
-352 389
53 -326
-382 105
117 380
66 -398
-490 -493
483 -177
440 274
-30 -377
470 108
335 -359
-223 79
115 20
-231 221
-233 -330
-14 374
115 21
209 -230
375 -30
352 -129
103 39
221 468
24 -104
335 -366
-128 -161
-247 31
61 -416
210 -465
402 198
-343 376
-464 485
-275 -485
-330 -205
416 -276
-302 407
247 195
130 -153
333 429
483 -155
108 476
469 233
96 205
308 80
108 470
108 471
44 -49
-275 -494
276 -482
64 223
-351 -122
-380 -350
-330 -76
414 112
209 -295
123 200
-314 177
221 484
-121 -126
498 -271
-418 -61
-344 -13
-409 -328
304 370
-62 -231
174 -460
-302 444
360 157
-93 438
-390 498
-5 -483
263 -242
105 -269
-390 481
34 430
64 236
297 -374
-240 114
483 -135
-62 -247
-241 -416
314 -401
-259 -190
179 -369
272 -23
255 34
-295 399
-115 -329
-144 -436
-55 369
115 63
483 -125
469 -265
-46 -294
-332 -288
-121 -148
483 -121
247 145
178 480
-47 -30
449 -30
304 395
-38 -130
-223 63
-143 -18
-223 61
231 75
-388 -110
218 94
103 125
491 68
255 17
-33 -230
336 258
243 32
262 205
61 -468
394 -259
173 102
394 -256
-33 -237
360 173
26 -193
470 132
-259 -175
411 -325
-197 -430
103 88
-118 266
-5 -471
445 -464
304 387
272 -46
-382 177
123 241
96 297
437 -111
191 -260
-312 -26
-38 -112
-275 -416
280 281
-94 -320
118 -73
-258 -33
351 435
58 -226
-409 -364
-295 342
244 389
188 -56
161 -419
140 82
-295 344
158 354
-110 169
250 431
-150 -204
310 279
-99 139
430 -157
-364 -326
360 -259
407 413
-241 -452
-295 351
-409 -377
-241 -456
-239 330
-206 -172
188 -28
223 -451
-115 -361
215 114
176 59
267 35
191 -239
127 82
-47 -76
-127 110
279 14
-254 -297
336 215
170 376
287 -161
-382 169
-311 396
-434 -212
-352 324
-41 374
-127 119
93 412
164 -293
-74 -60
292 -485
39 -418
498 -288
464 -300
-239 312
-78 88
485 -216
-453 348
127 79
-241 -479
-124 332
224 268
188 13
5 -427
123 285
-183 397
-99 109
46 182
158 328
-366 -492
-231 204
-110 137
-281 -230
-364 -361
158 -465
-238 -278
-286 -144
113 -347
-110 125
-456 193
-369 -281
-14 326
-369 -284
-434 -235
-292 1
437 -160
111 -281
354 -204
367 -276
271 330
-413 -16
-292 7
485 -274
103 -123
-163 -232
351 489
-426 306
231 -52
291 436
0 -339
-281 -245
117 394
305 -61
196 -115
-14 335
-361 254
-66 67
-456 167
399 -331
-272 25
103 -154
345 391
-406 249
-110 -492
314 -496
-332 201
-364 -385
-127 151
-444 -467
140 62
362 -385
123 275
236 -257
-311 353
221 431
-432 442
187 393
-235 -418
392 436
-258 -87
166 -396
432 -234
-16 -497
306 -108
485 -259
5 -468
279 46
-430 186
-82 270
37 331
-17 321
-56 -486
-102 -153
-398 -457
-378 358
-467 352
-94 -166
-220 -275
-476 388
-50 139
236 -356
451 -225
-355 255
185 -224
185 -223
-369 -120
-316 -264
354 -242
-230 39
69 495
498 499
-102 -87
-29 95
-434 -154
37 340
228 -156
-328 9
218 138
111 -246
156 -148
282 -234
-370 219
-220 -268
-393 -2
209 128
-298 374
420 128
193 -458
411 124
-298 373
-486 -48
472 -345
-319 81
301 -375
-337 423
-398 -484
-20 -158
-163 -443
-346 218
-499 483
-412 324
-421 121
193 -448
-319 87
-206 -360
18 0
-486 -34
472 -358
472 -359
-17 336
-50 152
-82 268
-94 -127
481 337
111 -265
-235 -462
-403 316
-308 185
-379 -14
-398 -415
78 245
37 373
78 242
-311 -316
-491 384
245 -64
405 -382
354 -271
464 -139
-403 329
-30 52
-289 393
-289 391
-435 496
-14 -215
368 340
-311 -309
-81 -237
481 363
405 149
-361 442
-243 171
-316 -221
-450 -344
-73 269
-94 -199
-229 11
-176 -345
-64 400
124 -154
405 -375
-123 -489
292 64
-217 57
426 -479
280 263
218 129
120 495
354 -299
-415 177
-102 -96
-499 439
-329 -167
124 -188
-499 443
-499 442
84 452
-41 -263
118 -432
-409 86
-166 -70
126 -476
-17 95
-219 175
-435 472
118 -446
-29 71
-378 361
-381 -9
386 172
-14 -231
-467 348
-455 -284
346 -268
-130 484
-391 -239
34 -301
-205 82
-391 -230
-429 237
-428 15
-265 -101
-332 174
-41 -271
475 386
-477 -55
493 184
498 428
212 487
-317 107
-266 85
172 -369
-189 -494
7 307
360 244
428 218
87 -453
-219 -213
-246 -309
156 -17
180 -319
-364 212
-323 187
132 294
-197 -440
327 449
378 -58
75 473
-30 10
-494 165
7 300
-351 -292
381 -291
87 -469
-403 386
-393 397
-142 -129
-409 59
117 305
431 401
-145 182
132 279
496 -163
-159 253
434 274
256 275
-381 85
440 422
-81 -288
-429 215
-407 -105
215 -288
21 -407
-438 279
-8 -153
-97 -25
-97 -22
-385 -368
-417 462
-415 127
135 152
-260 -222
383 330
20 245
-317 135
-428 -289
-60 -121
166 -406
38 -64
263 -387
-134 -190
-166 -44
-394 -22
-182 -297
-400 496
-170 72
182 213
-415 116
20 257
-468 -78
-194 17
-254 98
-485 336
34 -348
-30 21
80 -270
-396 -180
-387 355
490 396
-182 86
-46 461
55 142
405 -309
199 153
182 283
491 -225
-378 311
-56 -98
185 -272
-254 59
132 -361
-26 164
199 160
491 -219
-421 101
-165 393
381 -250
-444 212
64 183
-182 90
458 -56
313 178
171 -93
-190 -272
75 449
333 72
-189 -461
-441 407
263 -50
-332 -458
126 120
250 -240
-343 449
-278 21
491 -39
177 -256
-317 145
-438 232
335 -439
-189 -453
49 141
-393 15
-142 341
-266 24
263 -40
-267 -479
-182 68
322 -402
-332 -445
-27 -356
-387 371
-463 -495
377 376
-385 -323
180 -384
428 274
177 -225
-353 -47
434 261
-353 -49
-189 -465
-317 172
-438 240
-165 379
38 -92
69 434
-428 95
28 386
458 -451
-415 -376
-330 -128
-415 -372
182 250
496 -104
28 387
451 -242
333 -150
-410 -334
484 11
-317 168
313 160
400 -400
484 167
-441 52
405 -312
-108 77
151 -178
202 -167
-107 -103
-343 -127
-410 -2
295 -50
416 -163
137 -232
-225 -119
-118 368
-99 -119
-80 -46
-133 326
335 -465
239 -22
295 -49
342 482
100 -439
-465 59
-170 -9
469 -129
202 -163
-254 475
301 412
221 338
-213 409
-372 -362
196 392
-104 170
69 68
262 388
393 -81
-195 -261
-62 -316
11 387
74 -350
435 69
-54 -247
-62 -314
-240 277
381 -323
49 105
171 90
-465 68
-246 -287
255 -237
-14 490
482 -96
-256 9
145 -307
132 307
74 -366
-453 82
53 -55
384 -36
239 -40
453 -454
-169 17
314 -339
-243 0
-246 -253
426 -89
393 -68
-142 258
21 -359
-453 79
141 278
94 17
-165 466
100 -467
-260 -195
100 -466
13 -278
255 -218
-24 -26
-468 -347
-494 233
170 404
352 -68
-451 -21
-263 355
295 -90
310 368
61 -315
-385 -388
-175 -56
290 -291
123 327
-22 -387
262 361
-356 -163
-222 401
94 42
108 361
230 207
210 -323
-479 176
-136 -401
-451 -27
-299 -255
320 -148
285 478
105 -394
195 41
66 -230
141 214
61 -321
173 249
-474 -179
411 73
158 89
-468 -93
-436 -497
-343 -107
411 81
-352 499
-476 -486
-165 409
215 278
336 389
53 -97
-380 -496
221 386
367 -325
-225 270
382 38
-33 -106
45 -174
-222 427
165 -36
149 338
-356 -184
187 433
210 -306
-128 -241
155 445
423 69
441 -53
373 -193
322 192
-225 -149
424 -273
-195 -248
-240 218
-394 -63
45 10
-151 235
-320 374
82 71
-225 284
-195 -242
-320 377
-3 299
-465 84
429 -181
187 422
-76 105
-306 -54
423 75
-150 -316
-65 -13
98 -159
499 -97
393 -10
-379 -52
262 313
113 -428
149 313
-356 -124
-490 91
425 364
-349 141
231 -431
437 -236
113 -422
280 154
-286 -241
-180 493
319 -236
-110 284
416 435
368 380
-17 278
-321 -83
-321 -80
346 -202
-436 -23
440 -495
224 123
-281 281
-356 -135
-358 -479
0 -498
-295 474
-48 -469
-453 207
485 -359
437 -247
-165 404
-453 201
-195 -215
285 448
-41 266
-361 333
-171 -481
-358 -473
485 -342
402 239
-489 80
150 106
360 -164
360 -163
271 -469
423 25
402 232
-70 447
311 -44
-492 -38
-308 199
322 150
-349 109
-398 -409
170 493
191 -130
-361 347
472 430
167 160
0 -471
425 391
351 344
477 -259
485 -335
426 -16
395 144
-349 112
271 -455
311 -33
223 -340
-183 279
-492 -99
151 -136
336 327
57 27
-64 349
69 13
295 -11
-290 163
351 355
93 325
228 -222
-102 -225
-3 204
229 431
-349 185
-70 464
200 43
-177 178
-168 -273
-311 491
-49 300
-208 -46
-168 234
-133 61
191 -114
-318 -490
-110 -374
-118 320
187 485
231 -489
276 -345
360 -177
-124 431
-332 110
-55 420
424 -217
399 -218
301 -339
285 401
-489 -470
-316 -178
150 155
-305 355
-434 -145
117 277
108 307
228 -209
-358 -429
-163 -362
-436 -59
394 65
-307 90
118 -397
-107 -119
200 67
105 -332
-177 198
-489 -464
-482 -237
285 412
-107 -110
236 -377
-231 317
164 329
53 -262
-160 137
212 48
45 -100
87 226
-369 461
-264 -84
-307 83
-48 -402
158 -358
18 -261
-177 363
-17 445
22 -311
-411 414
-381 -32
-4 445
-458 428
289 -308
-129 462
152 -105
302 -64
-277 -395
-155 -344
325 -240
-277 23
203 -213
384 420
18 -259
-217 421
-425 -485
51 98
161 494
22 -301
-36 -299
87 27
-4 437
383 -472
-381 -47
480 -451
152 464
63 76
-109 -478
437 -409
-277 -385
108 -79
-228 86
75 57
-320 -204
-68 -241
-308 242
79 -54
322 245
418 354
22 -338
146 290
493 -132
143 436
-197 -190
-348 -105
203 -237
-377 -210
200 -377
-26 -436
-444 151
-411 429
75 69
-12 177
-308 237
18 -239
88 -98
427 388
161 470
31 380
-347 118
-241 73
-293 -87
137 274
282 164
-172 -107
-290 28
395 84
134 405
-265 338
-109 -453
384 416
-26 -446
-281 -420
-444 164
-40 -395
384 470
64 -174
167 -307
-160 207
-93 -65
22 391
-467 436
-158 -211
-420 493
-93 -66
99 229
-123 -379
-335 -410
313 216
-114 41
-435 117
64 -180
-21 192
70 218
88 -32
-177 330
225 270
-367 31
-377 -238
96 -112
-374 -312
481 486
52 220
-290 49
-306 -314
370 167
325 -298
-123 -366
378 242
384 474
-21 -3
405 -498
-323 414
289 -323
282 190
351 -472
-72 -343
302 -48
-356 113
76 -497
106 -258
14 84
16 183
-488 310
-372 -40
99 78
14 82
-194 -289
-187 -60
-14 -118
13 316
-262 -192
264 -314
-194 -281
-203 146
199 461
167 113
-14 -110
-371 -497
-377 -263
418 324
-221 177
-130 368
-262 -189
490 -299
-256 355
-241 27
479 -242
-347 164
490 436
-379 29
-482 88
-362 335
386 -367
-129 -140
-101 -266
214 -34
-314 494
214 -38
473 69
-95 256
91 112
-289 84
340 223
-194 -268
-65 -336
332 -204
328 -146
7 425
107 367
40 358
23 -46
152 -170
-95 240
257 -304
257 -301
99 256
182 350
-314 481
-187 -341
-488 347
2 -249
75 -7
-348 -176
125 414
125 413
485 46
-320 -287
269 406
134 475
-493 -489
231 434
315 -455
-365 159
-292 390
-410 -254
-129 -169
393 -251
396 -114
32 -142
0 -88
79 -396
-77 195
304 230
322 86
-230 142
-425 -422
371 -184
-208 469
-317 252
479 -276
-317 250
371 -188
269 416
464 -80
269 413
-417 102
340 220
-277 74
152 -157
192 -49
485 23
-451 -18
484 244
-50 -127
-408 62
-420 416
310 402
-493 -460
199 -311
231 419
375 420
-197 -125
125 445
132 -485
152 419
-162 -299
-494 482
-391 -166
461 -114
34 163
-420 409
-68 -274
-50 -115
-308 210
-68 136
386 -399
-7 207
99 297
182 397
-129 -176
178 89
440 100
-187 -388
-187 -389
-129 411
48 463
461 -123
177 -134
386 -392
96 425
-425 -454
7 478
418 -128
34 152
-94 56
-208 415
-460 -56
-308 202
-338 129
-50 -104
51 63
261 253
40 372
-131 -70
-138 66
-95 234
-290 -7
87 14
61 231
61 230
128 286
300 -216
-392 206
346 13
-450 371
4 34
-417 141
-196 -90
-392 78
-200 360
99 281
-53 482
164 -418
231 400
-392 74
484 291
-471 101
-380 89
408 -395
4 49
-116 -484
235 -271
176 142
-238 282
-365 129
473 16
63 54
-392 212
-100 487
481 412
-299 8
48 446
79 -24
279 -450
293 -397
-181 103
-257 -66
73 103
-310 -471
69 -440
-489 -35
-177 -423
361 -273
-286 146
86 -323
125 -484
-442 -22
135 -37
-412 -84
364 -215
-189 260
-306 -9
128 -419
204 414
-226 -193
310 439
448 180
-213 -360
357 333
-216 -322
444 -319
86 -333
-200 379
-216 -318
102 161
364 -224
-423 325
-103 251
406 423
213 6
461 16
-230 217
376 -34
299 307
-396 -469
-57 -77
444 -326
347 -428
10 438
457 -157
-403 -50
68 4
-218 -69
238 -107
210 -226
-242 -456
304 195
-62 482
-417 181
-452 -107
-354 -52
-464 -408
-230 -146
390 -484
144 -99
271 -57
135 -70
-77 214
182 298
-245 -444
364 -242
-338 -367
210 -237
483 -390
-201 -46
-459 -58
-445 -182
-408 -7
-244 427
303 -130
396 246
-374 257
-403 -70
-92 403
-5 -78
395 -3
216 173
270 364
113 -188
-284 -259
-100 412
144 -39
376 -21
-142 155
-100 419
463 475
-238 301
-113 -80
-227 -79
335 -155
483 -374
412 44
145 -222
439 210
-29 -222
25 255
424 20
2 -203
-345 -57
-162 -341
-317 208
-461 -438
-317 206
119 161
-403 -98
-329 144
173 333
-177 -442
335 -166
-169 -43
371 23
-403 -90
238 -148
364 -275
-412 -22
281 -111
498 -497
155 327
484 338
-133 -206
-74 407
361 -216
-38 235
158 176
469 -497
-286 192
-151 111
-392 297
-496 -318
-151 115
-353 391
448 168
199 -367
-59 109
-432 -341
246 126
288 -71
-262 466
-211 4
-242 -405
132 -415
415 -265
-388 458
-189 273
473 -58
57 -120
484 320
164 294
-233 -152
-389 -498
15 -483
-98 107
-497 375
-169 -27
472 348
264 -323
351 -452
-14 -145
-195 378
-403 -325
2 172
-332 425
-72 -237
110 -361
-35 446
-300 192
-58 -303
15 -490
-452 -185
393 405
264 -333
-274 414
-112 355
-223 -190
454 -104
161 409
-62 410
-403 -334
-315 -18
440 3
-165 -143
436 464
-355 16
445 364
440 9
218 -321
-457 -488
61 -252
446 -29
-449 448
142 48
-449 445
252 296
336 462
446 -24
410 277
-255 -204
-62 -499
-148 -389
-58 -321
-306 -243
-181 165
490 402
166 13
354 -428
358 98
78 419
447 -334
-11 -310
116 -175
171 -428
-82 -241
472 316
-14 -152
422 -298
-383 196
-56 363
83 -312
138 -221
302 -11
128 -474
-315 -38
174 -273
171 -430
218 -301
490 -378
480 -366
336 447
174 -62
437 -397
447 -369
-452 -130
-11 -326
393 438
466 271
-313 -208
466 274
431 162
-442 -64
102 192
73 144
228 -345
-212 191
453 0
-342 -80
-35 485
-165 -110
-452 -127
379 -378
12 -410
-347 218
389 -113
309 466
-158 -164
191 411
409 216
-248 -229
-203 202
93 -312
-426 -7
-281 -484
-92 495
-452 -138
-18 -92
308 -425
336 426
164 210
437 -371
493 -176
299 -252
158 107
354 -451
-464 -459
439 288
243 321
-238 -490
395 39
-384 -112
-88 94
194 282
278 402
116 387
383 75
-418 -416
191 434
213 15
371 90
216 127
-291 -214
73 152
431 195
-432 203
-305 478
-248 -254
181 -222
83 -355
-406 -114
-306 -294
-181 110
96 -180
-318 88
-353 318
70 377
-402 0
308 -365
-65 476
-88 77
93 -363
361 209
-345 -144
386 -402
64 -258
370 249
80 -400
-51 175
-184 -334
-88 70
-277 -274
-414 196
-163 189
-226 342
-347 254
-392 4
417 98
225 112
-121 413
383 -358
189 -396
-217 306
-138 398
-333 -18
370 237
-442 -103
152 346
-56 411
176 232
135 -478
354 474
339 14
466 108
442 35
22 -213
-138 -449
161 366
429 92
-60 199
-342 -26
-277 -288
-342 -24
-26 -317
418 237
-56 402
203 -115
322 -280
176 223
138 -23
-265 223
-438 19
161 351
93 491
308 -330
80 -32
-413 -268
-318 -66
78 495
-192 448
494 -87
-483 103
394 -13
429 99
232 -478
-98 160
345 471
-36 -78
-289 100
404 171
496 209
-362 410
-362 -167
244 -78
-365 298
-43 -335
291 295
303 33
-242 132
-371 -386
-438 24
424 402
-347 293
-159 440
313 333
429 21
475 119
161 334
348 297
-76 51
128 309
237 30
239 447
322 393
244 -21
-183 442
408 -215
196 -301
457 129
213 -175
-405 177
-242 141
203 -144
-112 439
-414 140
-184 -386
-362 -104
345 415
378 365
213 72
-40 -298
-163 163
-474 125
225 125
37 153
235 -321
271 -141
262 -86
-471 -201
146 360
394 -40
387 190
442 26
-362 465
-362 -130
-457 -339
380 -455
322 -238
327 -6
271 -131
80 -477
328 -230
429 53
-428 -471
213 -156
239 457
-357 -402
380 -443
-296 58
408 -242
322 -227
-355 -195
376 52
448 352
90 -465
439 305
-19 -346
-15 90
286 15
-119 -179
364 64
-296 67
-39 63
388 33
313 371
-471 290
380 -430
231 345
255 235
315 -304
380 -436
448 345
109 -243
182 474
-474 151
-129 -256
-177 412
-218 -17
-499 -182
-218 -12
235 -338
91 4
-245 -271
-488 224
235 -337
384 397
-414 101
-262 407
104 497
-27 -59
-78 -145
204 464
384 374
-139 -65
28 116
222 -401
-130 291
-365 279
167 -446
-51 106
486 -306
-1 -188
235 -366
107 261
-47 450
-252 -263
354 429
-458 371
-262 417
-119 -151
315 -330
-297 -147
-39 88
304 116
104 486
155 -150
-50 -250
250 45
-47 453
-197 -240
-177 -375
-355 -183
-458 359
54 -208
334 186
-197 -231
-51 102
376 68
-495 -54
348 264
440 207
460 476
313 362
-52 30
-395 197
155 -160
-80 467
155 190
222 -422
-1 98
-80 463
-229 -100
-229 -101
-194 -346
262 89
428 -103
440 232
262 -26
-423 354
-27 46
-262 -216
176 288
-65 -253
-27 -40
-239 -26
441 -397
64 -205
-229 -118
208 -18
428 -118
104 466
-392 316
-58 -294
-100 386
-239 -38
361 264
-297 -114
-194 -332
274 52
34 266
269 328
-101 -321
314 -25
250 75
-78 -182
441 -388
-74 253
-379 331
18 -322
249 80
176 274
-95 354
379 -46
-229 403
-229 402
-121 480
-392 320
-308 312
-200 244
-318 -24
32 -8
-277 -233
-17 -116
-108 452
234 156
-471 -273
-309 -337
235 -397
334 147
161 61
314 -87
493 321
-40 -1
-355 -230
73 227
-284 -184
-119 -216
-487 81
440 156
-189 149
-292 415
-417 283
-214 438
-403 -284
-81 -96
281 -296
-38 150
-481 -317
-29 211
-201 -138
-253 434
-161 -85
-299 -457
393 -423
-335 103
390 -380
-177 -315
-58 -255
-417 293
83 -497
487 293
54 -148
318 -344
54 -145
208 -418
-189 132
246 266
208 -421
-277 315
-398 21
208 -420
-75 -126
284 441
199 -214
171 -382
86 -424
-284 -153
173 61
209 -119
-292 434
179 118
-367 -484
-209 -68
274 77
-420 -131
299 418
96 321
-365 200
-367 -466
99 198
401 268
-148 -427
-471 308
-229 460
209 -127
-193 -93
-461 -367
32 -311
-450 160
-133 115
428 -178
486 -273
149 121
484 402
-242 -328
207 389
87 428
-15 40
-92 -187
-77 169
-9 -144
-1 -202
-177 -349
-287 -165
225 -446
67 -51
149 117
-230 366
-162 -459
223 -43
107 322
444 -461
54 -194
231 265
463 357
339 307
463 353
-295 270
441 -439
183 -94
374 -170
448 265
-255 -381
361 -101
82 198
-87 -445
270 255
-309 -395
318 -389
-200 294
-10 -50
-309 -396
-338 -262
57 -266
325 136
-161 -52
-122 -31
-374 152
-335 137
173 454
278 370
173 457
299 460
-203 -414
439 328
335 -285
-148 -463
439 321
-1 456
155 202
-479 399
-467 -320
223 -61
-230 349
415 -130
-248 -41
-203 -428
299 451
66 -495
278 354
110 -250
-399 -347
225 188
137 305
-247 310
401 214
161 300
-248 -319
-210 -471
-248 -315
281 -206
-335 199
301 244
83 -429
-124 240
93 -403
-353 489
-409 -244
369 -488
153 -53
73 -456
216 253
-263 -52
-163 92
287 282
-98 214
287 281
291 367
463 311
-247 324
87 482
-398 70
87 481
455 -39
228 -434
-160 356
-363 -19
-99 25
-255 -339
138 -121
-210 -476
-386 98
-353 497
396 162
-187 77
-409 -251
116 278
287 293
153 -28
291 352
-94 -416
-94 -414
309 370
-160 340
15 -339
-457 -391
-362 385
-133 183
-11 -417
291 348
-409 -261
493 393
25 385
-335 161
70 441
270 228
-464 -365
138 -106
-140 -118
-277 383
427 -471
-103 5
-303 -373
355 -74
340 61
-124 215
490 -253
-21 182
216 280
9 10
291 336
-204 79
370 206
138 -155
9 26
-155 -420
-124 207
-347 330
-35 368
113 -227
-393 -84
-66 -21
-29 251
-92 -117
-153 484
73 257
-464 -344
376 -406
321 7
345 497
-393 -93
-406 -256
447 -471
-363 -52
216 -141
480 -227
437 -493
-247 333
137 366
401 235
340 36
-4 266
-210 -402
138 -134
434 -439
113 -244
171 -347
-84 -451
-133 -169
339 395
480 -234
153 -59
-66 -28
-233 144
-11 -470
93 -451
71 -174
-398 51
-72 -173
487 224
-187 90
439 399
-209 -93
197 42
-386 73
432 -112
369 -476
-294 -178
490 -213
97 -62
-56 -128
69 126
264 327
-101 -425
45 450
-374 -127
70 490
-160 403
418 56
-269 -88
-123 -179
322 -181
300 -438
296 248
-56 -119
-420 226
220 -201
257 -144
331 495
-90 148
312 -308
119 -197
152 230
406 58
-297 466
114 169
119 417
-88 453
322 -174
-447 -72
393 251
-338 329
404 271
123 -43
-65 132
-439 -2
177 -17
264 344
-90 139
-242 232
304 26
369 -309
-52 -442
195 -69
-138 -334
342 -232
-483 217
369 -305
398 -417
-118 -96
-492 256
-242 248
257 -126
-85 -248
-279 412
-274 114
202 40
-95 424
-123 -151
-129 229
-83 173
186 -52
461 -58
-300 389
398 -420
-129 234
337 -328
-380 177
209 498
-483 226
398 -425
128 -193
404 296
123 -67
3 -76
-358 -172
-380 124
-474 226
22 -117
373 -47
109 -333
152 262
204 161
194 -119
-113 -322
277 -248
371 -324
51 -213
239 322
436 133
141 -70
-274 162
363 382
352 311
-90 191
-90 183
306 430
-56 -157
-167 -488
-167 -489
-74 185
255 316
-319 -267
308 -271
357 -449
-138 236
-297 422
-83 153
-130 147
206 -307
-163 252
81 -100
463 -471
393 297
296 292
393 298
-457 -202
434 -395
123 -47
306 400
316 294
17 -45
312 -353
-206 -85
-77 -495
255 305
-77 -496
-283 102
455 -6
-283 104
91 330
-301 -32
273 353
273 345
-6 -219
313 436
366 -486
85 103
-348 -381
434 -399
-90 161
310 -295
337 -366
251 -2
286 -272
204 157
-439 24
291 -111
-420 244
-439 20
-158 -463
-297 400
277 8
214 69
-328 -291
-6 -207
48 288
406 71
-338 307
422 290
114 145
313 440
425 117
305 -346
22 -157
-78 -288
-142 -478
22 -159
22 194
-439 33
90 -106
63 467
252 -229
235 -465
-309 -401
252 -227
461 -398
365 32
48 277
-127 -77
-321 216
-199 -473
-446 389
355 107
-419 397
204 131
-142 -489
-474 277
54 425
377 10
82 316
227 469
-193 65
69 -284
-259 323
-209 -139
304 -8
-118 -29
2 -486
105 189
-181 92
-321 223
-172 247
220 -86
-465 207
197 202
-445 -360
-2 -79
-194 -489
218 442
-329 337
273 302
-133 -407
213 145
-447 -28
99 483
-471 394
-53 287
276 154
-297 -269
-172 241
310 -263
-135 476
27 430
-194 -487
190 -444
-174 -415
225 -137
393 -483
377 30
91 385
-193 51
119 478
428 -219
246 326
-329 328
235 -478
-491 -215
-339 -46
413 232
-387 -208
-414 444
-438 -384
-338 366
-437 371
90 -143
-437 372
-209 -168
27 499
-4 -194
398 -430
-231 -63
-471 372
89 -385
-486 -389
499 143
285 198
-303 198
22 -186
-13 -83
-350 232
22 -189
245 -241
-174 -431
5 209
-88 -186
499 -167
282 384
265 -82
169 365
398 -446
27 489
54 -108
-259 365
300 -485
28 -317
-118 -61
-309 -432
-338 368
-224 -45
365 81
-447 -30
251 45
377 81
443 -54
306 487
275 13
251 49
247 -348
18 -441
-77 -410
-335 -269
-358 438
-2 -34
245 -250
-13 0
371 9
-209 -146
-339 -16
-491 -269
76 104
245 -253
-200 122
-80 358
-6 -293
-340 -117
-199 -453
255 375
355 128
-344 146
-95 467
355 120
162 -107
245 -261
-121 113
355 122
-80 351
85 191
186 -95
428 -256
-194 -433
176 379
-358 452
27 468
325 -471
-242 -249
-231 -52
305 -372
499 150
18 -425
-199 -460
44 -256
-172 297
-446 411
-326 -242
299 41
71 -285
344 -23
427 -300
2 321
-342 9
-358 341
-21 430
93 38
-205 400
-168 24
-190 263
334 232
-340 -194
-361 80
279 -214
-289 -98
-126 378
285 151
468 409
-178 -147
461 -316
140 334
-408 226
-476 70
389 -399
162 -204
-344 161
-157 108
82 276
-488 41
-281 -63
-480 381
-126 384
428 -270
-312 123
28 -239
-104 -286
-367 372
-446 415
488 -29
-441 134
2 309
-317 404
-489 -158
-140 -400
-132 43
319 186
434 -95
-338 -136
44 88
-291 -426
-47 173
-92 -295
-408 220
261 463
-398 113
-223 377
-467 -401
2 314
81 62
343 371
69 -214
-438 -419
366 294
470 -324
236 465
293 -182
332 -379
-353 197
-199 -74
-72 -62
-455 330
-21 460
-1 384
252 -299
276 200
261 459
-423 -127
-230 -391
334 228
140 365
285 100
172 38
194 458
-133 -471
-132 23
-172 227
231 139
-210 -393
470 -314
-250 -111
199 -156
398 -390
441 -325
20 -43
-361 44
143 181
-1 313
-193 11
-15 199
92 -93
-361 40
37 -358
375 149
303 -378
194 461
-408 286
148 437
187 -299
-200 187
184 23
-272 -51
-144 92
108 -431
463 233
28 -283
-303 236
32 78
-367 -126
-30 383
-471 403
172 23
-102 6
299 -444
287 35
-91 -353
-20 -425
57 320
-329 388
222 296
-455 311
-367 -133
-168 50
2 -443
334 209
32 82
416 186
108 -466
139 452
-38 482
98 -417
-107 48
20 82
-214 389
20 83
-120 14
-381 -133
-222 4
-208 269
-388 224
32 71
-157 172
102 337
160 60
468 478
2 -460
139 469
108 -452
139 467
-385 19
-441 103
-472 -37
-205 411
143 191
318 -481
-203 -312
434 -34
-284 -464
218 -187
-62 270
402 -42
57 -365
96 -383
480 -162
176 400
-13 -421
409 484
-198 348
-189 426
37 -316
-434 487
166 479
-254 199
495 -453
-44 385
-227 48
-83 123
422 266
-225 -404
151 -448
-296 -338
-72 -472
-103 405
-22 62
316 367
309 263
-9 401
-349 496
312 -380
-84 -364
-367 -172
-240 33
373 -25
316 375
-454 -407
366 202
103 -70
-160 466
277 -180
-260 200
37 -335
316 87
-189 405
-462 478
427 -369
239 269
-240 20
209 412
94 217
-230 -300
-230 -301
-429 -65
128 -237
-268 366
-210 -336
-24 -130
-22 87
-24 -132
-205 452
202 -26
254 -360
301 160
-153 380
-156 -3
284 -161
-227 58
274 -334
-240 14
402 -473
-479 -360
-165 -361
472 149
-12 308
-203 -359
2 371
238 -323
284 -157
-103 464
-291 -448
-15 116
451 287
-268 329
318 -410
-120 -233
-103 461
66 237
-97 -142
-126 335
308 -207
-189 464
-112 151
-386 -60
-429 -47
219 -60
-84 -314
126 -180
-297 380
-140 -418
309 227
-416 -122
-184 195
264 411
-472 -97
267 290
39 253
2 381
73 371
238 -336
239 270
-22 21
46 -12
-24 -157
352 286
-132 84
-399 -246
-92 -246
346 194
274 -56
15 -263
-233 275
-398 140
143 111
422 218
-145 -359
-106 298
-199 -21
-398 144
-24 -180
247 -49
-154 363
-103 441
364 -433
-312 155
-254 130
343 338
316 48
-140 -430
188 179
279 -286
31 185
-56 -213
316 342
98 -481
-4 135
-45 -49
-215 -88
322 -196
-45 -55
-144 45
-280 304
498 93
222 236
-13 -413
-315 -422
-11 -126
-236 -298
115 -399
393 115
-65 231
312 -410
-274 246
442 447
-402 33
-274 249
-428 488
100 -38
-242 334
-97 -220
8 -339
402 -280
8 -335
-468 160
378 154
317 -57
-203 -281
-297 -321
-425 -368
342 -131
402 -282
-65 228
-315 -414
190 -368
-454 -474
10 -327
261 -318
-454 -477
479 -106
-256 407
-251 128
137 134
210 485
109 -400
228 -42
-251 122
-153 325
54 388
-265 434
-280 409
-99 -44
-248 -155
85 256
176 -441
469 -73
74 87
406 -174
-338 224
-90 251
128 127
228 -36
190 -396
299 -298
137 165
-137 52
245 -171
-150 70
-22 11
342 -116
-152 -142
-72 -414
-152 -144
64 -63
-65 261
-430 -34
385 9
312 -446
-474 337
-223 -331
422 -337
442 432
-251 145
-497 427
249 221
143 301
-18 137
51 -324
-265 458
-113 -438
-164 -53
-468 175
-256 437
-289 -338
-425 -398
482 130
98 94
482 158
-140 -268
434 -251
-480 -470
351 -378
-315 -462
194 -241
-236 147
-419 485
-474 342
-419 487
146 144
488 -342
384 108
-484 -139
-129 389
309 198
176 440
111 47
-72 -437
206 -439
451 441
-264 -361
-423 191
306 305
306 314
96 -230
-110 -25
249 205
371 -208
-10 -7
109 -444
-387 -388
-72 -428
-72 -425
-144 348
176 431
384 114
277 -119
49 62
-486 186
-101 60
-420 358
312 -475
-101 64
-313 -156
-335 -302
194 -223
398 3
232 -261
344 -404
488 -361
-283 227
135 -241
-52 -362
-387 -377
277 -142
-243 -21
264 274
-211 414
239 221
-414 374
-457 -110
296 381
-268 285
-274 276
422 165
-54 -71
96 -212
-101 77
232 -272
488 -372
-488 438
134 326
-77 -360
-112 216
277 -135
309 162
-312 24
488 -378
-330 105
-484 -143
-71 209
146 131
352 229
-18 175
-144 322
296 396
-113 45
478 -71
37 71
-274 270
-186 41
-283 209
293 -310
293 -312
119 384
-283 200
-437 451
167 -220
-149 -9
-423 155
-445 -259
80 3
91 239
460 205
-217 141
252 -100
-155 -82
-271 437
231 100
210 405
-6 -391
-236 117
-210 50
-315 -497
-465 338
247 -437
54 302
86 -1
-177 -158
128 194
167 -230
340 353
-277 -413
-271 427
477 397
-24 107
-445 -269
-91 -270
-104 -71
307 -58
-388 114
-246 14
427 403
71 -438
-330 150
460 232
147 59
109 -471
238 -182
162 -259
476 -459
-177 -128
-480 -417
340 322
-336 21
307 -29
48 374
-351 -35
13 480
348 -116
-362 -318
-312 53
376 -130
-465 310
71 -413
478 -26
135 -290
159 30
64 -428
8 121
375 360
135 -293
-121 279
428 -339
-438 -265
-259 224
147 61
413 115
-284 -427
-420 -404
134 371
384 194
158 -68
-379 111
119 341
-390 -448
-252 -491
225 -289
86 25
340 386
-17 -369
396 -253
90 -264
499 268
-281 -97
-242 -159
-420 -475
-335 -370
-284 -417
415 -406
-271 461
89 -261
197 135
220 -369
-173 -55
-336 73
-458 100
474 -198
57 163
-425 -336
64 -11
-99 -81
350 -78
-209 26
249 275
-199 -322
-275 -156
-166 173
441 -144
190 -352
-324 72
-43 -195
-493 -326
-229 -365
-335 -396
119 329
491 184
-242 -136
348 474
3 68
-18 100
74 72
249 261
227 366
396 -289
-251 189
-17 -356
-229 -378
58 3
-324 87
-186 495
428 -377
-242 -123
225 -297
305 -491
-126 -347
57 185
375 318
-281 -84
188 264
299 207
319 280
236 315
183 -464
-208 170
102 268
183 -465
477 320
-406 -462
309 60
-178 -267
310 47
391 -15
-230 -242
252 -190
390 -146
-271 -339
-466 -60
-214 216
-93 130
-246 90
-190 158
111 176
-174 -480
334 364
-1 -480
344 -372
-452 -212
7 -272
222 134
-312 249
309 34
-181 208
-341 0
398 394
309 31
-141 460
-216 -213
236 333
-358 484
-291 -300
468 309
-452 -225
-497 -105
-133 -385
390 371
310 31
-136 -41
-150 473
69 -330
325 320
316 422
390 374
-329 292
-103 357
-157 244
187 -141
492 72
-303 327
-45 -443
218 -263
-39 -19
477 336
-178 -234
-335 392
369 -286
459 403
454 -278
-367 1
-284 -375
-421 33
474 -223
445 213
-222 73
150 -29
179 379
375 268
157 470
-257 -437
334 316
-446 329
-104 -135
-390 139
-433 23
-214 252
2 419
-9 332
116 -470
14 -64
367 -63
-230 -204
303 446
244 23
-192 -188
128 -336
119 298
-308 -423
126 -27
364 -380
-361 -288
103 -401
-192 -190
148 -304
44 -438
-178 -219
-106 -433
116 -477
220 38
-44 451
-157 290
468 346
-350 409
427 -201
-361 -277
-1 -422
225 -226
-56 297
256 -89
-117 -184
125 386
337 183
181 -196
267 115
-9 312
477 302
-335 361
-44 469
396 -203
187 -180
39 316
-480 489
119 277
-216 -265
232 39
102 213
73 439
-259 301
-154 410
-119 -488
-210 -256
252 -137
116 416
-154 415
-62 391
2 -340
-452 -293
325 398
-84 -228
-390 177
454 -233
325 393
309 -254
211 -62
496 382
-260 104
-291 -366
-367 423
443 99
492 14
-376 351
-452 411
-306 127
492 10
48 -125
459 432
37 -450
196 -461
-291 -355
357 -360
281 -463
-479 -447
-126 421
311 197
-457 -149
39 365
487 434
241 -426
8 -398
382 -63
468 383
487 431
83 -71
171 298
-154 444
-301 -298
171 293
274 -445
352 135
110 -463
-306 108
241 -417
-308 -445
-277 140
211 -49
37 32
-479 -428
13 89
171 286
-477 118
174 -152
213 -356
55 -58
480 19
-477 110
-136 -78
-29 -192
-158 -291
-326 -168
-449 149
309 -295
-136 -75
-164 -89
37 17
-158 -297
-268 211
238 -201
274 -462
-438 -85
-24 -285
-283 58
181 -131
267 179
-29 -199
-499 -431
10 -246
-120 -356
467 29
116 489
-31 -230
194 -192
352 175
369 -210
-153 243
382 -77
-62 329
268 53
179 305
22 302
250 107
-165 -223
270 411
274 -478
94 111
-482 20
-11 -224
366 369
-153 235
-452 -272
366 363
-374 -268
286 -309
-65 170
-39 -68
455 57
-203 -266
-154 483
343 211
37 -412
337 105
83 -245
-15 259
-181 240
25 184
250 133
352 193
352 190
-147 118
-62 308
-93 191
2 472
268 32
-38 -422
-248 -129
431 88
13 40
467 -223
-189 313
422 -370
439 152
-15 269
-271 53
-283 295
-457 -185
-77 74
402 -397
-258 93
222 112
443 66
250 127
410 -361
403 221
-363 120
-451 -287
-114 -378
446 -438
-483 470
-253 -176
-443 327
-437 175
330 -147
-363 127
176 -319
-81 354
-114 358
-106 -187
-468 282
356 -32
-307 -110
95 -22
356 -33
481 -298
43 -4
144 -382
-90 44
59 -248
168 -125
-312 -492
219 -214
-268 -331
-443 311
-437 -358
262 -269
-372 172
8 -448
-181 -141
-31 -304
186 -190
337 -107
-394 227
186 -193
-404 -106
173 -480
-81 364
272 345
-143 -469
438 -260
67 -412
-433 -217
-218 -303
38 -301
-114 -357
337 309
227 -440
-193 -488
-236 -392
-413 20
-349 2
-203 -188
277 -465
-401 49
-404 487
356 -13
342 -474
374 -408
347 -17
76 306
4 -336
-264 -203
-413 493
123 -442
-413 14
363 -392
-451 -253
169 140
-227 233
-360 -1
-474 450
-123 388
0 168
492 -327
-156 -196
248 -347
176 -344
-24 407
192 142
73 -169
-430 -350
-208 37
-5 245
-422 -151
410 -396
442 -300
-143 -444
-33 484
81 -339
242 464
-175 314
-465 423
168 -156
-333 -359
-236 -372
51 406
-5 209
-108 164
208 -161
-437 51
-253 -137
438 -289
313 -347
0 119
257 164
131 159
-23 -154
337 -143
434 -122
-77 -229
-371 1
-33 491
-10 -429
197 411
-81 319
317 -482
-27 249
-413 478
88 -313
-160 -273
412 295
192 161
-377 462
-241 220
253 0
-330 443
365 -26
34 -54
145 445
-92 -402
-33 463
409 -193
459 -131
-230 -84
54 279
499 -330
-444 -11
-344 -468
456 440
439 -60
410 -343
366 -249
-362 -472
-133 -47
403 213
115 -288
403 211
131 151
409 7
-196 -333
346 346
-434 309
442 113
-92 -418
-413 450
-277 -87
-282 -275
364 386
-323 33
-452 354
-160 -251
-350 -190
-211 -350
31 -386
-394 202
439 -52
-454 -182
166 322
456 430
-468 258
421 257
-486 29
-53 -467
-131 5
-236 -333
-325 -117
-279 228
-384 2
43 64
391 -264
-465 460
317 -453
-347 56
-465 462
-135 210
478 -440
447 425
-325 -125
-221 69
-446 128
127 493
79 132
145 431
-63 -326
-443 396
349 195
-143 -416
227 -493
481 -229
-345 112
401 -72
499 335
-397 -333
305 -111
70 -265
-325 -110
489 -490
183 148
376 251
-98 -128
-199 -247
-117 148
-118 -467
237 -252
-384 18
-124 -84
-450 99
431 -219
-323 66
-465 440
349 160
-106 39
205 144
291 -91
-218 282
63 249
-474 19
-486 15
-94 470
-17 -437
-323 74
-53 -497
-77 -203
-293 -394
-405 -349
-77 -201
-390 -338
298 459
-285 407
317 -466
-323 76
232 242
446 -486
317 -469
245 -468
174 106
-63 -350
284 145
-372 38
-251 8
-118 14
127 462
373 405
-372 36
-295 -41
-98 -145
-295 -43
221 -27
219 433
338 -77
169 133
-124 -147
-489 172
-209 219
298 -395
254 354
-486 74
-321 415
-486 -149
382 455
363 -365
31 -315
118 411
-295 -51
-111 -429
-268 -89
-486 -163
275 107
-89 452
110 335
104 -145
392 -88
-446 183
154 499
270 -424
-350 -120
-422 492
-163 417
-45 -220
-118 -404
31 -323
-486 -157
-166 297
8 294
349 127
482 211
-118 -423
-199 -207
-233 21
-405 -393
-117 181
401 -97
16 -81
355 355
197 490
248 104
120 -29
-486 55
-89 476
-321 433
382 478
59 -269
-250 267
-208 70
144 -313
365 -94
-232 -256
-443 332
355 362
-430 -306
-285 449
-443 339
277 -411
-10 -493
43 -53
-151 -10
-194 -13
382 469
-144 284
-199 -220
-95 -209
-494 -272
-475 -92
-102 454
-282 52
-269 73
311 8
-80 -163
6 -90
-455 102
-294 40
438 469
7 -166
-49 -444
-66 -208
-150 373
154 -240
254 293
433 196
-4 -312
293 270
-269 81
-34 -188
-37 -104
-296 -180
190 -31
-295 -19
-431 427
-74 -311
88 117
162 -413
-103 -214
162 -416
133 -305
-111 -413
-166 379
-294 398
-498 -399
33 425
171 333
97 231
-141 340
237 491
97 230
-157 374
-431 458
33 429
-16 -35
230 -214
493 48
214 160
280 -353
-16 -51
33 1
303 387
61 -44
-103 -206
-3 -35
-76 9
-294 380
260 419
311 257
78 -473
-45 -328
-465 -122
-269 39
48 -218
319 360
320 257
-361 -175
163 473
-279 -362
-81 88
-271 190
401 -41
190 -69
-494 -229
-340 -89
148 -410
97 298
163 467
415 158
149 13
280 -359
216 -401
42 328
-135 258
179 495
157 354
311 286
-199 -275
-132 427
-312 318
-53 -430
-272 -386
141 -450
485 135
162 -405
478 -497
-368 -150
-4 -364
-221 -241
-190 472
-54 345
369 -179
-431 465
-120 498
408 495
320 232
-175 -396
77 -49
-80 -144
-149 451
180 254
78 -423
-46 -15
110 293
-16 -78
-261 -404
-250 -321
-2 383
-60 446
369 -191
101 -246
-132 -358
-477 -442
-407 217
358 150
41 -255
101 304
-80 -123
79 249
157 382
157 384
456 93
-280 149
-95 -269
60 392
176 -391
-57 198
-92 -424
-81 41
-185 -343
-301 -389
468 34
448 -96
-371 -104
-498 187
374 -56
-72 397
-323 -456
220 474
-354 160
-394 -388
-185 -24
448 -89
-196 -273
-216 -60
316 -158
-2 326
38 -299
-175 -369
-166 327
374 -490
-174 97
-336 -282
452 -239
-132 460
-381 142
230 -23
-54 306
456 34
-455 198
-414 -85
459 317
-215 -428
-354 178
45 161
41 -273
-344 -394
-327 176
369 -140
220 460
-368 363
-333 -458
-196 -269
475 -86
216 -462
216 -464
198 47
-74 -393
-200 -358
-81 21
266 237
-200 -357
-286 -60
-193 -407
-7 -356
122 219
-444 -59
475 -78
38 -275
186 65
157 330
337 264
430 363
109 420
266 223
119 -97
233 -210
237 428
-114 -400
-210 139
189 -82
273 -44
273 -45
-198 67
475 -473
15 347
475 -90
-188 -185
-323 -466
263 205
374 -64
-57 155
216 -481
266 255
-32 70
-63 268
216 -484
448 -53
48 -299
385 319
-444 -71
-282 91
347 -36
73 -139
35 -471
123 -391
109 459
159 5
391 414
-268 -250
115 -228
-469 -386
-286 -76
-77 -183
-80 -198
-232 241
-428 188
216 -499
-477 293
495 -263
-376 -469
-296 -140
-126 107
257 28
133 -341
294 -100
438 484
-241 193
245 45
-175 251
27 -322
403 164
459 343
-84 104
-100 -484
20 -359
373 399
419 92
-414 -33
-258 -468
174 70
-376 -433
-312 399
-241 197
186 25
246 -36
133 -357
88 -256
61 -84
27 -319
-333 251
-416 -341
420 -186
-215 -451
-333 -406
148 -484
198 12
-68 10
-333 257
6 -79
349 -386
456 10
-368 309
-354 112
81 -286
-394 -352
420 -182
94 494
179 441
402 -271
-462 -388
246 -27
-297 126
190 -134
-240 97
-169 247
-341 -472
-240 -343
-338 442
385 114
-89 385
474 353
-416 -312
-196 -207
-404 339
-256 -113
-469 -26
-178 290
355 298
245 -391
-10 219
-267 299
-178 296
-276 -413
229 -98
-475 -143
-193 246
-425 -121
-414 -18
-386 -345
410 -243
-386 -343
-285 -216
403 356
-27 166
45 323
306 111
-469 -12
-437 283
281 262
-211 -251
-16 4
52 -393
76 -107
-20 49
384 63
-462 -401
270 54
-164 -294
387 -247
-338 465
-293 -441
155 -33
294 50
486 88
-319 -351
44 -170
38 -423
217 126
351 -150
-252 57
414 -376
-478 -47
211 499
127 -489
-20 76
371 -469
463 -343
-193 223
241 2
-228 4
-293 -430
123 -320
409 -286
190 -163
-338 472
-249 411
-293 -437
248 -462
1 -337
-132 285
449 -404
-452 277
371 -475
-184 210
-20 63
-20 64
-33 309
182 -194
-258 260
474 392
269 -134
-268 -424
81 -242
-240 -382
-333 -293
-66 296
-66 294
482 373
-106 -292
337 -204
474 317
-63 420
-483 -132
-218 -486
-264 -115
438 -161
-10 -319
486 67
96 -465
0 241
54 178
446 -357
371 -442
-218 145
-178 254
-235 101
-288 353
-462 -459
-36 186
-297 319
417 444
-114 -220
197 -386
-215 90
183 238
172 -46
403 312
-123 486
-239 55
38 -499
-428 218
-382 -231
-434 448
483 -11
12 418
290 489
-178 244
-23 -260
-267 261
-468 357
-23 -264
-123 450
269 95
-306 319
190 -192
-282 -384
379 142
48 170
314 124
-218 124
353 -412
0 253
-345 226
456 322
202 453
71 155
1 -382
352 455
421 121
85 469
406 -360
-167 -347
-336 -300
385 124
-333 -249
438 -195
15 260
-413 332
417 -449
-328 -175
-330 347
71 164
290 463
31 -265
-170 186
313 -458
410 -236
133 -192
-167 -353
-19 41
94 -155
355 -275
149 -8
-315 -260
154 348
106 441
363 -447
289 317
19 -154
240 142
-178 219
-209 141
118 337
489 -381
310 -365
211 438
319 445
79 254
335 59
-236 -466
-419 -200
-396 4
131 252
-111 -344
-309 111
-178 200
245 -323
270 -70
481 -345
289 306
149 -49
-492 307
164 -10
486 14
-236 -457
-250 161
-486 -235
36 383
429 240
-215 309
-288 96
-98 -240
-309 123
-130 7
144 -409
-282 -343
-271 218
499 488
-114 411
-157 412
-218 160
-443 -111
240 121
385 185
498 -9
366 -391
355 205
429 257
-443 257
492 -90
-167 -70
-24 371
-365 -290
-160 -180
-167 -77
-386 304
289 324
125 -191
485 162
398 -389
-160 -178
94 -117
205 270
-48 253
-55 -271
-89 300
-250 181
79 291
413 81
-352 -16
-53 -383
92 -390
144 -468
227 -344
-53 -382
134 138
-157 429
-114 429
76 484
-182 -99
44 -148
305 -262
-391 89
149 -11
-106 -260
-236 -403
-430 -206
462 492
335 10
92 -383
-443 -158
240 167
219 6
450 15
450 13
8 388
-34 -65
19 -184
481 -301
-418 37
477 118
-98 -46
-279 309
19 -183
131 200
433 229
245 -372
426 426
477 145
44 -128
197 -324
425 82
406 135
-114 -289
-159 -167
294 97
190 -105
12 486
-114 -282
140 277
-289 -40
154 -303
-193 270
-143 2
12 470
101 -404
-239 -121
-209 104
-486 332
-193 276
-437 224
-319 -324
-98 -270
-106 -252
227 -357
281 200
33 454
310 -335
-45 -124
9 -24
-289 -45
-221 458
-89 349
431 -381
456 394
223 178
-495 244
109 379
-495 242
150 -207
157 282
97 134
133 -208
485 204
-2 277
457 -56
-63 -281
-443 21
-66 -346
-64 -50
339 -486
-206 314
430 420
471 499
-322 -47
70 -428
495 -181
-49 -321
-307 -73
13 -37
-463 102
392 -49
251 -220
494 115
237 361
-192 12
353 -63
-117 327
-312 486
42 498
139 329
339 -496
-71 -497
-132 -448
154 -337
-255 495
-419 -277
-384 -435
-351 494
205 304
-215 278
-467 -4
99 -497
78 -341
101 235
-167 71
401 31
92 86
302 -211
-49 -300
140 234
52 -20
-30 484
13 -17
360 -3
303 269
-10 -297
-427 -346
-126 282
163 334
27 381
-491 -297
-2 235
-441 -396
-131 50
-321 0
-116 -194
214 210
437 -2
312 -39
186 -202
8 310
363 -404
41 -123
97 175
-176 -22
42 448
-443 63
125 163
-53 -314
-180 73
228 469
-116 -182
-166 481
119 -312
-149 324
398 -282
440 -12
-54 472
-118 77
-95 -125
-199 -166
188 443
-49 -355
302 -269
154 406
181 92
303 237
454 -498
457 -76
454 -496
-274 -105
-149 335
309 -474
-274 -104
-190 369
-170 -112
-64 -35
78 -307
-342 -2
-351 455
-103 -145
-342 -6
-224 237
-457 493
345 -298
458 8
-325 -224
430 444
-55 -184
-301 -417
28 -46
214 242
-124 -319
431 -423
110 158
466 -31
-440 426
-118 57
174 268
383 -46
-265 -37
70 -486
430 433
157 264
-272 -293
115 488
186 -243
463 -281
-378 -10
401 -2
69 -24
-74 -491
312 -76
-274 -126
219 -182
400 419
-267 211
-493 -95
-494 -305
414 -439
-15 432
-72 271
459 206
-276 -497
41 -162
-354 -470
391 356
-317 88
-185 -478
-206 399
468 137
141 -374
-366 23
414 -421
127 -430
-463 185
-221 -155
85 418
404 -444
48 -373
-493 -88
-143 10
181 -53
-224 226
-407 156
-306 373
-214 0
59 479
-441 -331
352 363
-394 -498
334 -102
80 25
-161 198
452 -124
-57 291
-123 417
451 194
312 -54
80 21
-479 34
459 -331
460 -205
-276 -475
-480 18
0 213
395 -271
-354 54
0 218
28 -92
-441 -325
79 43
337 384
263 337
-378 27
-306 364
39 112
-249 373
420 -264
-294 426
80 130
-7 -219
-463 167
31 -192
-334 5
-469 -201
377 -115
-467 63
31 -188
-317 75
-430 -198
296 194
55 84
-74 -457
266 135
-185 -422
353 -29
294 -244
-211 -159
-407 195
241 -202
467 -432
45 250
94 360
123 -270
-126 214
-21 -426
60 -421
402 -121
495 -135
403 279
-333 153
115 434
440 -93
-416 -241
-175 -448
440 -94
-132 388
-492 55
394 124
-297 268
494 159
-103 -195
414 -467
171 460
377 -134
-155 28
272 244
366 -411
-301 -483
-397 251
-126 229
-469 -251
-215 -320
-348 111
-132 372
409 -355
-492 45
-404 320
494 149
-354 226
-92 147
347 -184
192 113
-155 39
-328 -203
-155 55
323 139
-401 -316
254 -284
410 -32
-469 -245
-428 279
414 -440
417 492
-221 -186
372 68
81 -162
-232 347
181 -78
-330 78
342 -285
101 268
-477 393
-196 -181
60 -412
237 345
144 -142
1 -24
144 -143
487 79
-42 248
-122 -336
113 353
-250 459
438 -486
-203 357
104 311
-51 297
-188 -70
-81 116
192 376
-312 -239
-390 79
-275 81
-213 -27
112 -7
-161 59
-306 403
-244 299
-203 361
123 -228
372 -199
216 427
301 -39
497 109
-241 424
295 414
173 -248
295 18
-275 77
361 84
-498 354
-40 -118
-460 350
-446 -166
-386 -455
-483 -470
482 0
435 358
-108 -410
-173 76
106 -457
287 209
-23 -337
-42 278
-312 -259
60 -203
435 362
225 451
100 -9
-240 -255
276 -77
-143 -233
-169 331
307 -404
-292 -43
-261 -166
216 449
225 456
234 475
-342 -197
270 -247
184 -302
-100 283
-475 -290
301 -61
-81 106
181 -420
-124 98
256 -308
257 330
-498 334
-34 -401
-356 384
-315 -103
-400 -23
-185 78
38 -129
-72 108
-169 323
29 419
435 336
435 339
-301 197
-371 -270
-373 -319
-253 -383
-119 400
-86 409
-89 299
353 -317
40 -48
-170 289
-312 -296
-400 -10
438 94
283 49
-199 233
-108 398
94 -295
-309 280
-183 -411
-310 176
451 61
183 349
-89 289
-291 370
-235 230
-23 -386
-349 -148
-212 334
225 480
47 488
-136 46
375 0
-240 -208
246 91
-212 331
-86 423
-275 20
-461 -13
-13 167
459 -379
295 488
-207 -492
295 489
-475 -241
65 -152
-291 386
257 384
350 -478
-377 217
-239 -401
225 490
113 349
219 269
301 -13
-87 34
-342 -154
-178 383
71 280
-422 -355
-310 158
410 -114
463 -85
-306 431
92 -236
-365 370
4 -144
114 -63
298 246
-129 -380
341 271
100 67
248 -175
-156 -357
61 42
-108 365
478 -206
328 -385
332 224
-317 -161
-488 -374
-75 42
-81 196
92 156
-291 335
-274 -37
285 -59
-429 -313
240 244
283 89
-390 -114
-7 491
-375 -54
481 -464
481 -463
-275 5
353 -349
-317 -155
-282 -469
-108 -495
237 -494
298 227
275 357
-359 203
-51 228
-443 149
79 399
184 -50
92 -219
248 381
341 249
399 357
345 -137
-383 409
402 87
444 -177
85 27
445 -93
227 -275
56 477
33 136
-342 -100
-366 -10
436 -66
399 363
456 230
345 -123
224 -319
248 395
355 -353
230 -469
-357 -328
46 -323
275 -108
-244 267
230 -463
85 53
-26 76
481 -416
243 -173
-120 308
-124 -397
-359 219
-352 -407
425 -321
-245 -183
99 -233
382 212
1 -75
-287 96
148 -8
-282 -414
-244 255
14 -387
-486 475
-156 -326
222 -310
-108 304
-435 -483
219 205
-427 -321
412 454
285 -435
-457 420
-31 252
-457 421
-146 -101
-483 -430
-244 288
154 -415
-185 -3
269 201
-483 -437
-155 4
-315 440
412 481
97 -163
-39 321
399 396
-277 -130
-169 -492
-443 -277
-312 -218
-18 464
-317 -146
269 218
35 1
228 285
-315 449
47 418
-108 -447
275 -111
-386 226
-287 -464
-130 -24
300 39
-386 225
-315 455
-108 329
-221 335
240 272
426 67
-81 141
465 -454
-228 -419
-407 430
275 414
-456 -365
-92 200
51 280
358 384
-95 -452
-316 33
-440 356
368 -489
105 -92
-54 154
-287 -490
288 -366
-359 157
485 332
243 -263
214 -145
-124 -462
-351 104
-103 -432
125 -252
453 423
-336 293
-397 336
-92 210
-150 137
438 204
-441 -296
-432 23
-22 251
368 -459
465 -478
230 -449
452 -401
-331 -165
104 -312
-435 -425
154 -451
288 -398
-316 17
288 -394
-213 -106
-425 181
-224 155
143 -62
433 3
-31 140
-431 212
171 -268
42 147
-162 -113
-228 -401
426 11
-377 -1
-36 446
-175 -188
-196 303
420 -309
396 454
195 203
-234 -491
-149 265
251 -362
494 214
-87 -383
73 -8
79 446
12 33
157 185
425 -292
-129 -91
41 -450
471 364
-368 147
368 -435
-336 238
-42 -206
270 117
298 327
124 486
-108 -398
-333 423
362 -77
-420 66
-187 458
-458 -16
-419 78
-148 -120
361 -477
-325 -324
175 -30
-443 195
368 -449
339 -336
349 432
473 -349
222 -279
283 -415
101 -464
237 290
48 -442
61 10
-149 204
-439 310
-419 86
125 -292
-419 88
284 367
-440 326
-45 130
163 239
163 234
-477 459
78 -213
-392 -224
368 -440
-87 -320
78 -210
402 54
229 -248
-499 -60
18 309
485 349
-477 418
361 -6
-274 -222
362 -55
-255 -491
60 141
-170 -235
374 -288
-149 205
-470 -236
361 -453
-215 192
489 -243
341 326
-323 -274
-368 154
-328 43
-328 40
-274 -236
-456 -375
-304 90
479 485
-440 308
-392 -209
287 151
-285 176
308 477
471 307
374 -260
208 -361
-86 330
-19 -78
-456 52
-175 478
-200 -143
-86 325
38 423
-463 292
-86 329
-353 64
65 -250
-59 353
142 320
-47 -167
-389 -249
36 94
19 -72
444 328
-389 -265
-199 158
-384 -71
368 -401
418 189
-398 -33
435 421
-411 120
368 -409
186 129
-86 336
0 302
-466 0
374 -251
207 445
-127 -261
216 -217
334 -465
178 -268
-371 -329
-42 303
-451 -421
418 199
-368 120
266 479
-444 99
-86 346
364 240
-407 487
-141 189
75 -487
-228 -485
-499 -24
-183 -420
51 222
-47 -188
270 108
-306 466
-132 209
-2 107
-151 -398
165 -421
68 270
-242 -22
-341 40
-451 -417
424 238
-59 387
382 -313
404 -74
-389 -237
189 -188
-374 413
-371 -300
-451 -404
-327 392
424 249
-105 475
-475 -180
59 322
373 24
-258 -206
-475 -186
-42 334
189 -185
-23 -430
-384 -45
-161 262
-22 283
-276 281
-377 -6
51 236
-282 395
-86 382
-460 438
-132 262
-408 -445
-328 -10
-283 -11
-92 257
-72 184
287 113
-183 -497
308 429
59 319
321 -433
337 472
171 -211
3 175
78 -271
350 211
-196 352
361 58
465 213
296 -438
21 400
-86 398
300 337
-26 -239
256 -234
-331 -115
-331 -116
-23 -417
-92 267
-468 60
-148 -180
-26 -231
73 -359
-226 0
-276 271
-253 338
251 -322
-196 344
74 189
181 -458
-124 -2
19 -25
-92 273
-276 264
358 315
-143 -281
379 -296
-432 -92
-123 272
-169 488
-123 270
155 62
-129 -3
-261 -254
425 -402
155 67
180 23
470 9
388 -67
417 -218
370 492
330 -1
-135 -177
321 -224
-365 -434
68 201
183 431
-250 320
-61 -154
14 -469
21 436
-250 324
-122 -228
-193 495
-239 -344
-55 -409
-324 379
309 -43
68 217
160 330
417 -227
497 228
-10 476
248 -202
-423 -61
361 460
-423 -63
-422 -296
-312 -368
68 211
266 290
321 -236
183 420
-408 -81
152 -206
-245 -36
-493 61
-146 360
-498 204
313 -251
-122 -202
333 -46
59 -349
59 -346
21 458
-61 -69
113 266
-324 399
-196 -419
-61 -63
499 -421
73 -283
395 -424
248 433
90 -99
81 -73
395 -426
328 -434
257 455
-200 -192
290 262
431 -180
321 -210
-373 -400
-347 483
-386 146
-15 -470
120 -491
-129 -461
-169 446
189 -103
-199 100
234 342
-10 417
-298 -141
-253 -262
-239 -306
-122 -268
-378 -369
452 -278
-199 117
192 -5
-324 335
328 -452
-221 272
328 -456
-18 2
326 -183
-89 167
452 -270
81 -467
-129 -483
-378 -336
57 -77
459 -493
393 -174
248 -275
-86 311
275 278
30 448
-334 -78
484 -218
248 -278
127 314
240 320
-193 424
250 -17
-356 473
-365 -411
-333 -489
314 350
-489 249
393 -168
243 182
131 83
269 -339
-334 -66
328 -476
-8 -10
-63 -434
-310 279
-349 -242
197 -175
413 -55
-23 -484
-63 -430
-122 -250
81 -443
250 -47
-349 -207
393 -158
-496 -442
-496 -441
-129 55
-60 376
-138 -49
-309 344
33 280
494 402
-21 -180
492 -278
174 475
-63 -443
489 -144
36 135
-466 159
-74 426
-373 -479
355 -484
152 -290
-291 456
83 224
-60 380
-496 -458
-63 -447
42 81
230 -393
-260 -77
-108 -344
-342 377
149 -168
248 -284
227 -130
211 202
-90 -417
33 279
-392 111
152 -296
-112 -96
127 364
406 384
-291 450
-291 465
349 286
235 -72
-130 22
157 -111
-429 -406
284 283
298 348
219 332
-226 -222
-234 -414
-309 370
-247 -369
192 -215
447 327
94 -343
-42 -314
152 -281
315 -29
-167 -162
-95 140
465 -400
228 126
355 448
444 -298
56 354
-392 130
-164 -425
425 -455
137 -54
-472 331
-200 435
-488 -286
33 255
-274 1
489 -152
4 -292
283 -264
-416 396
-342 349
252 34
-164 -474
393 -110
-489 292
227 74
6 -472
264 28
160 389
240 55
-470 -411
248 482
152 -262
-50 -479
-95 -411
-63 -486
29 89
349 279
-416 388
167 75
83 267
-7 328
-250 367
349 277
261 161
154 138
155 95
-167 9
438 -334
-232 -117
-422 373
425 -430
-317 -230
42 32
148 140
211 245
149 -123
281 465
-245 -24
152 -254
-240 -162
309 -86
167 79
30 45
177 277
110 446
227 99
252 13
355 472
275 -240
299 -10
-55 -465
-130 -6
-215 114
298 390
462 277
-31 101
211 217
-312 -337
-130 -5
-100 118
177 287
157 -149
177 288
354 97
423 -105
-365 484
-232 -135
154 115
-28 -46
-260 -95
-108 202
-280 -135
-184 415
-215 104
300 -109
382 102
127 386
229 -424
-106 -94
-327 234
-45 219
-116 -393
298 402
293 145
97 379
-392 187
243 -376
-285 217
56 421
-318 304
462 338
-310 -104
-83 400
-397 442
3 242
-285 223
424 171
473 -422
347 -339
293 156
-213 -241
-54 277
-258 -147
128 -98
-221 -312
-149 121
361 -383
86 -219
-431 301
-431 303
471 -196
-352 -399
486 -490
-13 -159
-304 144
-317 -312
171 -135
318 -100
192 -285
350 131
-454 430
-287 -378
-59 414
117 -261
453 313
278 162
-383 249
-280 -166
-327 204
404 -270
-299 422
-317 -343
420 -424
88 463
269 139
465 -365
-454 425
71 403
412 -349
171 -150
326 126
252 61
171 -159
-317 -334
33 -251
12 -103
33 -253
12 -102
157 -216
-397 -251
-443 -446
-108 -275
-68 404
-463 379
-397 -252
283 -305
396 363
296 -370
-106 -57
396 368
-251 -78
-363 -101
65 381
340 -165
-416 307
118 497
-363 -107
-2 -188
326 154
-397 -260
139 122
-117 136
-138 -98
-425 227
228 223
88 401
-274 -339
-407 361
177 309
-169 -434
-495 456
-39 131
471 -158
335 129
-69 87
74 249
-392 -342
-457 262
-383 215
347 -371
3 210
-39 138
59 279
326 141
-212 9
447 232
-108 -297
229 -372
269 168
146 -452
478 -387
-169 -405
447 242
171 -185
358 287
460 -402
192 -259
33 -221
361 -333
415 252
-457 257
216 -307
66 -38
412 -307
-372 86
10 125
473 -481
-325 -447
-87 -219
-494 -140
-54 212
117 -237
-465 0
-470 -349
12 -144
-425 255
479 365
350 193
216 -318
-130 -370
-336 -179
220 120
282 -71
497 -223
-155 225
-448 -322
138 -358
-148 -287
-448 -316
404 -211
-448 -317
-200 -262
169 -81
226 -46
-47 -286
-310 245
473 -491
20 -252
151 381
-196 295
480 117
-28 -497
-336 -160
-123 202
290 324
20 -247
-111 431
-200 -252
256 -369
81 -12
-299 495
0 427
-83 476
118 14
186 -465
120 -431
0 461
290 314
-414 -123
317 298
7 62
-427 -191
20 -276
20 -277
-267 430
38 -157
-188 -299
178 -375
-27 427
364 340
27 -480
184 -148
-34 -241
-380 450
-392 -367
-467 -132
-427 -182
-26 -169
413 -97
347 -396
421 334
-344 -292
-36 331
-247 111
-149 158
65 304
186 214
288 75
-454 453
-408 -314
-45 20
216 459
321 -307
-152 451
186 220
330 15
-310 204
-111 467
-39 -165
358 226
-261 -348
417 -260
-179 -68
120 -423
-277 -21
380 -194
-4 475
-403 -403
257 439
-121 -71
415 200
-377 182
184 -168
142 416
-92 378
256 -327
-490 195
-202 78
7 95
-462 -288
-434 170
-214 64
-22 175
417 -277
457 -238
374 -322
480 170
-26 -119
-146 324
122 132
-434 149
-92 388
314 407
-92 383
293 115
0 418
465 -392
-349 -198
171 -100
-414 -163
-226 58
73 -232
-374 303
334 -361
350 101
-93 -16
-22 189
444 469
27 -433
-34 -280
-132 125
373 292
-338 -445
-401 78
382 -478
379 -228
142 437
25 -18
-21 -217
237 103
-408 -31
430 275
374 -314
