1000
-148 90
164 -204
185 -353
341 -405
-206 -219
-470 -32
-285 -346
-258 374
324 -406
-454 -357
296 248
393 489
121 100
62 247
55 294
132 72
161 -394
-67 199
114 -412
-177 138
15 169
-195 97
-106 -199
36 425
-73 -365
-259 -313
-114 340
410 -138
9 73
434 315
232 -336
69 104
-240 -489
-483 -233
-482 49
330 480
193 198
-239 -450
-300 -116
-141 -89
185 191
287 209
392 -257
249 -151
-487 -339
173 -233
378 256
410 -146
-77 -96
268 -78
-142 -425
-428 116
-446 -62
-437 -328
-163 -334
211 -448
-357 -362
84 -400
-206 97
392 -263
386 -322
-474 226
329 -110
147 -404
258 373
204 165
186 179
164 -240
210 399
93 167
328 -109
492 -357
112 19
264 371
-70 -271
-487 -312
22 158
-15 -357
14 312
-345 62
331 212
165 -249
-467 200
-253 17
94 -293
477 -199
419 356
-266 108
354 195
-415 292
-283 341
-108 189
-283 347
-175 47
-113 -108
346 95
-198 440
-107 382
-140 -75
-344 -222
281 88
-184 370
-235 -140
-328 -297
-184 136
-269 199
298 242
75 117
-131 -54
-305 -294
-128 89
297 -345
-108 -237
193 -391
159 -155
269 -401
332 461
-67 113
254 310
338 -6
413 -269
75 128
-443 394
-191 340
-46 0
-100 460
294 -84
5 245
-191 -410
-302 356
-304 -202
-348 -50
486 -421
-172 -178
-53 -487
191 180
94 -229
-189 -394
-298 418
-156 -336
188 406
190 386
313 476
235 -245
127 476
-302 149
-225 -91
-204 -45
-189 -22
488 -209
-439 -408
402 -97
-120 122
445 -92
-78 -250
-272 -482
-193 194
314 273
314 271
-453 -84
482 408
-484 423
130 300
34 -462
341 498
-427 89
83 325
-376 -70
-90 -99
-129 -180
-473 265
-301 113
-27 -457
162 -358
106 125
393 7
-451 127
-3 -67
334 275
482 441
283 183
-234 404
-49 -49
482 426
-171 271
109 -65
428 369
-411 -66
111 381
275 -331
82 359
-151 -32
-179 -347
-118 -406
-4 -94
-425 -214
211 369
-323 259
431 -494
-293 152
-222 -277
73 90
-47 128
111 121
434 382
290 195
378 298
44 -241
449 495
-297 -226
320 -321
-450 -405
-480 -28
-269 -318
-23 400
41 -419
483 493
-88 423
-220 306
434 134
18 59
43 -51
44 -259
235 -278
152 -351
397 331
250 -101
-36 412
-368 -184
253 473
310 445
-379 -442
139 12
-373 416
385 -368
113 -386
187 -497
-53 107
299 317
116 -310
-398 372
159 -61
-426 -18
139 24
-173 471
-359 -495
260 437
-262 245
92 -63
-427 -241
471 385
-66 -457
-168 -41
253 26
333 24
-107 -445
-292 -116
-161 -316
-403 -51
-486 425
74 372
-240 386
-71 -28
-216 -335
165 298
326 255
366 292
-72 -76
-103 487
-222 103
407 -379
-53 321
162 52
208 -74
454 471
-479 218
-463 447
-280 181
42 -266
-83 -454
121 -499
60 196
71 39
-103 237
-497 -219
314 -227
-152 186
100 -100
143 -54
196 245
58 73
102 105
-136 294
319 124
44 172
263 285
-129 99
-487 442
186 -327
-101 213
-108 -397
-270 24
256 -298
-243 -173
203 -99
48 -209
424 -173
280 -376
95 -463
415 -247
483 -373
-132 421
20 -58
416 193
-135 241
-213 -313
-318 213
415 -486
-165 328
2 -444
-38 486
-177 -207
491 78
365 -156
419 -402
-367 119
358 166
0 -386
-13 -483
-314 -126
63 447
239 -265
445 -213
479 475
-46 -290
-497 190
123 430
179 -142
-58 302
125 -276
95 213
-211 -29
447 371
-80 -369
-462 204
-278 250
-356 -85
473 -58
-103 271
-429 -79
25 280
-451 -445
-71 341
437 263
-112 340
472 107
85 -204
409 247
427 -142
-56 155
-200 -377
-250 61
-229 389
310 292
-195 374
-354 167
-213 369
-300 -12
-318 54
-276 492
-262 51
475 -74
438 297
-74 -141
417 -189
-308 -105
-212 -45
4 -67
58 327
445 368
-48 -345
110 -352
-228 363
41 -272
-228 360
291 237
41 -275
110 -353
-233 -134
121 412
-316 -60
406 -454
214 313
-413 -24
-163 -292
16 -7
-269 162
-205 -427
-249 56
-248 222
-323 -479
144 -19
-169 175
251 475
263 207
451 297
402 345
324 -453
-228 143
-381 -325
471 104
151 -257
247 -64
487 373
292 416
-41 -322
-129 -45
-44 -189
-127 -213
-303 -243
-204 0
-226 147
-163 -228
-477 283
51 235
-90 462
387 333
-469 -386
-144 16
-404 407
198 31
-276 -169
-223 -388
-405 204
-472 -393
-427 383
35 -488
-469 -370
-454 -208
371 351
-128 193
-104 482
432 65
-91 491
-21 254
-70 122
-171 -170
3 -150
466 495
259 359
460 -365
-269 368
72 368
25 -481
402 392
-419 -184
100 349
-476 249
-261 -481
46 63
216 128
-485 -39
103 -387
202 167
-313 -437
-397 354
-458 -61
-79 -265
-240 97
106 285
-219 11
-163 185
-405 -293
-410 -195
-340 140
-251 373
235 52
208 308
-252 88
-394 -304
131 -314
219 -106
253 -119
-44 -381
-49 467
21 435
194 -270
-193 -398
-123 -298
-434 -155
-174 10
-437 -473
-451 457
10 -82
-353 413
74 88
410 -256
491 171
-332 156
55 160
472 -349
225 326
-139 162
-17 103
-173 -69
212 -393
298 -259
313 -487
410 -273
67 -302
37 369
-324 152
-396 -28
-235 -457
-419 456
-398 -488
-103 59
270 -127
22 480
-3 17
-483 104
232 -230
271 -174
184 -426
-129 -427
-487 -225
-288 303
-404 -488
249 451
233 -242
240 -431
40 -489
-105 -411
-257 247
76 400
-6 128
138 -49
378 111
-198 301
310 -166
-208 0
265 -423
-438 35
-32 326
-118 -371
489 433
-362 237
291 -448
-356 243
-130 267
72 -408
-144 101
123 12
-291 268
-170 -18
407 -40
279 372
264 -422
204 -159
-268 279
-366 79
-130 255
490 -160
58 -323
-269 -294
256 225
475 132
366 -363
-136 -186
-450 -127
349 -307
47 137
-32 301
-248 411
313 326
-204 295
326 -161
-16 101
-41 -271
-412 -244
-323 313
457 156
281 402
234 -45
170 -237
320 -217
393 -391
19 327
-282 407
415 196
451 405
-18 -185
-350 156
408 -499
380 -436
-121 -218
82 99
-32 -440
-497 37
-266 91
-317 -275
-235 313
99 -329
-200 415
404 314
256 279
31 203
-487 -407
-180 -491
177 471
-429 213
62 -23
-486 -254
-257 -342
-477 -81
476 -215
32 -262
-342 120
90 -243
458 177
162 -6
-192 298
-157 412
178 279
34 -115
366 -168
-137 167
-119 -396
335 -406
382 318
12 445
-222 290
-222 -106
341 -397
433 -419
155 -150
310 -370
-317 358
46 -476
47 334
-111 -122
-402 121
-182 -297
-30 -427
214 -446
-218 175
-278 336
238 -83
413 -399
499 234
-488 480
-348 67
25 2
398 497
-301 235
-415 -100
262 -17
60 329
72 -84
-337 435
461 -472
-287 -310
-343 -290
-345 289
-445 257
-266 38
-31 369
315 -107
-244 -463
175 474
-33 -33
210 -290
-234 -474
293 -120
396 -261
182 276
77 -399
432 404
428 -358
149 -121
199 172
428 -111
426 -280
89 -493
99 -121
499 498
127 166
-244 166
-89 361
-439 283
-179 234
-126 -101
-17 -346
204 -316
-25 0
205 463
245 -379
448 339
435 -409
-137 363
162 172
-234 -211
-17 -358
433 -215
116 -419
-99 -66
-26 158
4 -494
-312 -349
-209 350
-53 131
90 399
131 424
-137 -180
-188 339
209 -376
-331 -264
11 136
-96 -175
-328 282
-229 425
-95 54
462 -5
96 339
-157 232
187 459
3 83
201 -208
350 124
175 -5
416 -175
-292 -489
23 65
295 -45
-30 222
390 93
-62 138
-459 -434
33 -475
-136 -433
322 -67
78 -373
461 -206
-296 -266
-102 316
-424 491
463 366
222 391
357 34
-188 317
-148 -416
91 -127
-54 -454
-466 -72
494 -229
45 -134
-245 -315
152 -69
401 272
-439 483
466 -78
456 1
472 293
-343 252
495 -22
-112 -456
12 393
66 163
-479 339
257 -82
-137 -198
-409 126
101 228
-232 385
-189 -433
-42 -168
-487 55
289 -196
407 -261
-351 -244
188 468
10 135
-101 330
-166 230
-279 -485
-314 293
50 167
428 413
397 -305
-100 -178
-308 -432
303 213
-250 -472
-47 54
-25 25
-40 287
-10 -46
464 389
-321 370
81 382
-322 -386
281 -251
-384 -415
49 -353
107 326
-302 -189
367 -62
-200 49
66 -237
-362 19
-188 388
-170 -388
126 83
141 220
449 -145
-84 -6
298 48
347 -134
222 191
352 -441
-98 -443
106 300
-33 -343
-56 289
-80 -258
-160 -45
318 -350
-411 -146
-447 167
418 -433
400 -498
5 271
89 209
-360 178
-335 362
-285 289
431 227
376 -225
444 -499
50 -269
-2 260
-394 -62
156 462
494 -8
-455 55
61 -100
-203 -426
89 451
445 422
-119 -246
-237 -208
137 -445
162 341
127 -43
-11 55
-354 -225
397 -31
208 -483
69 -23
55 -81
467 328
244 50
143 -253
151 91
-97 75
-23 46
-346 -156
-382 296
-139 235
53 188
-177 -35
289 -374
-2 206
467 77
-199 278
-298 -326
-290 -39
-394 -495
278 52
352 -293
326 187
72 285
185 92
233 -104
139 379
-171 -489
-381 231
367 -125
-227 -425
-463 393
-251 430
52 113
-24 -261
-43 227
324 -102
-266 418
485 -347
-326 491
488 478
-435 154
-153 76
-120 -393
24 128
-210 254
-59 -136
254 -489
498 -57
48 -391
-210 -457
-403 -430
439 199
54 -20
-276 344
184 -382
-135 18
28 -80
-331 -427
200 26
-409 -281
250 342
252 196
-42 446
25 -139
-193 -102
437 101
206 -157
450 -258
9 23
-182 234
234 44
11 -73
-92 367
216 -368
244 467
184 -154
-263 193
101 498
-282 270
-56 -312
186 -273
-91 386
372 41
-146 329
246 -349
-46 -127
-72 -154
136 1
427 -295
-154 472
-364 38
485 -395
-275 126
-401 97
-232 126
397 -393
445 286
268 -25
-474 -306
-175 373
197 38
-277 193
268 40
475 -166
-107 -41
95 188
-99 75
-307 91
-228 -164
412 -396
-386 -328
-338 -458
477 -222
-130 -347
83 -480
291 21
-193 0
-318 -219
489 296
401 227
-454 -334
208 -236
137 116
316 223
297 -94
-336 1
244 86
-413 50
280 -31
-384 -245
-284 -187
-79 -145
16 450
-392 -166
466 365
-183 -114
-21 79
-183 -110
445 262
-301 -267
-328 292
